Amplitude, Phi, Normalized Tacc, Zeta, Fit Correlation 
0.9866, 0.0315, 0.01, 0.0, 1.0 
0.987, 0.0315, 0.01, 0.02, 1.0 
0.9871, 0.0315, 0.01, 0.04, 1.0 
0.9867, 0.0315, 0.01, 0.06, 1.0 
1.0019, 0.0319, 0.01, 0.08, 1.0 
1.0007, 0.0319, 0.01, 0.1, 1.0 
0.9991, 0.0318, 0.01, 0.12, 1.0 
0.9971, 0.0317, 0.01, 0.14, 1.0 
0.9947, 0.0316, 0.01, 0.16, 1.0 
0.9918, 0.0315, 0.01, 0.18, 1.0 
1.0044, 0.0319, 0.01, 0.2, 1.0 
1.0006, 0.0318, 0.01, 0.22, 1.0 
0.9964, 0.0316, 0.01, 0.24, 1.0 
1.0074, 0.032, 0.01, 0.26, 1.0 
1.0022, 0.0318, 0.01, 0.28, 1.0 
0.9965, 0.0316, 0.01, 0.3, 1.0 
1.0058, 0.0318, 0.01, 0.32, 1.0 
0.999, 0.0316, 0.01, 0.34, 1.0 
1.007, 0.0318, 0.01, 0.36, 1.0 
0.999, 0.0316, 0.01, 0.38, 1.0 
1.0056, 0.0318, 0.01, 0.4, 1.0 
1.0112, 0.0319, 0.01, 0.42, 1.0 
1.0013, 0.0316, 0.01, 0.44, 1.0 
1.0054, 0.0317, 0.01, 0.46, 1.0 
1.0085, 0.0318, 0.01, 0.48, 1.0 
1.0106, 0.0318, 0.01, 0.5, 1.0 
1.0116, 0.0318, 0.01, 0.52, 1.0 
1.0114, 0.0318, 0.01, 0.54, 1.0 
1.0101, 0.0317, 0.01, 0.56, 1.0 
1.0211, 0.032, 0.01, 0.58, 1.0 
1.0169, 0.0318, 0.01, 0.6, 1.0 
1.0243, 0.032, 0.01, 0.62, 1.0 
1.0168, 0.0318, 0.01, 0.64, 1.0 
1.0203, 0.0318, 0.01, 0.66, 1.0 
1.0213, 0.0318, 0.01, 0.68, 1.0 
0.9959, 0.0945, 0.03, 0.0, 1.0 
0.9976, 0.0945, 0.03, 0.02, 1.0 
0.9989, 0.0945, 0.03, 0.04, 1.0 
0.9998, 0.0945, 0.03, 0.06, 1.0 
1.0056, 0.0949, 0.03, 0.08, 1.0 
1.0057, 0.0948, 0.03, 0.1, 1.0 
1.0054, 0.0947, 0.03, 0.12, 1.0 
1.01, 0.095, 0.03, 0.14, 1.0 
1.0089, 0.0947, 0.03, 0.16, 1.0 
1.0127, 0.095, 0.03, 0.18, 1.0 
1.016, 0.0952, 0.03, 0.2, 1.0 
1.0189, 0.0953, 0.03, 0.22, 1.0 
1.0214, 0.0954, 0.03, 0.24, 1.0 
1.0233, 0.0954, 0.03, 0.26, 1.0 
1.0247, 0.0954, 0.03, 0.28, 1.0 
1.0257, 0.0954, 0.03, 0.3, 1.0 
1.0261, 0.0953, 0.03, 0.32, 1.0 
1.0312, 0.0956, 0.03, 0.34, 1.0 
1.0357, 0.0958, 0.03, 0.36, 1.0 
1.0343, 0.0956, 0.03, 0.38, 1.0 
1.0375, 0.0957, 0.03, 0.4, 1.0 
1.0399, 0.0957, 0.03, 0.42, 1.0 
1.0416, 0.0957, 0.03, 0.44, 1.0 
1.0476, 0.0961, 0.03, 0.46, 1.0 
1.0476, 0.0959, 0.03, 0.48, 1.0 
1.0518, 0.0961, 0.03, 0.5, 1.0 
1.0549, 0.0962, 0.03, 0.52, 1.0 
1.0569, 0.0962, 0.03, 0.54, 1.0 
1.0627, 0.0964, 0.03, 0.56, 1.0 
1.067, 0.0966, 0.03, 0.58, 1.0 
1.0699, 0.0966, 0.03, 0.6, 1.0 
1.0759, 0.0969, 0.03, 0.62, 1.0 
1.08, 0.097, 0.03, 0.64, 1.0 
1.0821, 0.0969, 0.03, 0.66, 1.0 
1.0911, 0.0973, 0.03, 0.68, 1.0 
0.9954, 0.1575, 0.05, 0.0, 1.0 
0.9983, 0.1576, 0.05, 0.02, 1.0 
1.0009, 0.1577, 0.05, 0.04, 1.0 
1.0031, 0.1577, 0.05, 0.06, 1.0 
1.008, 0.1582, 0.05, 0.08, 1.0 
1.0094, 0.158, 0.05, 0.1, 1.0 
1.0137, 0.1583, 0.05, 0.12, 1.0 
1.0175, 0.1586, 0.05, 0.14, 1.0 
1.0209, 0.1588, 0.05, 0.16, 1.0 
1.0239, 0.1589, 0.05, 0.18, 1.0 
1.0265, 0.1589, 0.05, 0.2, 1.0 
1.032, 0.1594, 0.05, 0.22, 1.0 
1.0337, 0.1593, 0.05, 0.24, 1.0 
1.0382, 0.1596, 0.05, 0.26, 1.0 
1.0423, 0.1598, 0.05, 0.28, 1.0 
1.0458, 0.16, 0.05, 0.3, 1.0 
1.0488, 0.16, 0.05, 0.32, 1.0 
1.0546, 0.1605, 0.05, 0.34, 1.0 
1.0565, 0.1604, 0.05, 0.36, 1.0 
1.0611, 0.1606, 0.05, 0.38, 1.0 
1.065, 0.1608, 0.05, 0.4, 1.0 
1.0716, 0.1613, 0.05, 0.42, 1.0 
1.0741, 0.1612, 0.05, 0.44, 1.0 
1.0791, 0.1614, 0.05, 0.46, 1.0 
1.0865, 0.162, 0.05, 0.48, 1.0 
1.0897, 0.1619, 0.05, 0.5, 1.0 
1.0952, 0.1622, 0.05, 0.52, 1.0 
1.1028, 0.1627, 0.05, 0.54, 1.0 
1.1092, 0.163, 0.05, 0.56, 1.0 
1.1143, 0.1631, 0.05, 0.58, 1.0 
1.1211, 0.1634, 0.05, 0.6, 1.0 
1.1295, 0.1638, 0.05, 0.62, 1.0 
1.136, 0.164, 0.05, 0.64, 1.0 
1.1467, 0.1646, 0.05, 0.66, 1.0 
1.1551, 0.1649, 0.05, 0.68, 1.0 
0.9901, 0.22, 0.07, 0.0, 1.0 
0.9943, 0.2203, 0.07, 0.02, 1.0 
1.0004, 0.221, 0.07, 0.04, 1.0 
1.0038, 0.2211, 0.07, 0.06, 1.0 
1.0092, 0.2216, 0.07, 0.08, 1.0 
1.0142, 0.222, 0.07, 0.1, 1.0 
1.0188, 0.2224, 0.07, 0.12, 1.0 
1.0231, 0.2226, 0.07, 0.14, 1.0 
1.0269, 0.2227, 0.07, 0.16, 1.0 
1.0328, 0.2233, 0.07, 0.18, 1.0 
1.0358, 0.2233, 0.07, 0.2, 1.0 
1.0409, 0.2236, 0.07, 0.22, 1.0 
1.0479, 0.2244, 0.07, 0.24, 1.0 
1.0521, 0.2245, 0.07, 0.26, 1.0 
1.0582, 0.225, 0.07, 0.28, 1.0 
1.0639, 0.2254, 0.07, 0.3, 1.0 
1.069, 0.2257, 0.07, 0.32, 1.0 
1.0737, 0.2259, 0.07, 0.34, 1.0 
1.0803, 0.2264, 0.07, 0.36, 1.0 
1.0862, 0.2268, 0.07, 0.38, 1.0 
1.0916, 0.227, 0.07, 0.4, 1.0 
1.0988, 0.2275, 0.07, 0.42, 1.0 
1.1053, 0.2279, 0.07, 0.44, 1.0 
1.1135, 0.2286, 0.07, 0.46, 1.0 
1.1209, 0.229, 0.07, 0.48, 1.0 
1.1274, 0.2293, 0.07, 0.5, 1.0 
1.1355, 0.2297, 0.07, 0.52, 1.0 
1.145, 0.2304, 0.07, 0.54, 1.0 
1.1534, 0.2308, 0.07, 0.56, 1.0 
1.163, 0.2314, 0.07, 0.58, 1.0 
1.1736, 0.2321, 0.07, 0.6, 1.0 
1.1852, 0.2328, 0.07, 0.62, 1.0 
1.1975, 0.2336, 0.07, 0.64, 1.0 
1.2102, 0.2343, 0.07, 0.66, 1.0 
1.2232, 0.2349, 0.07, 0.68, 1.0 
0.9859, 0.283, 0.09, 0.0, 1.0 
0.9913, 0.2835, 0.09, 0.02, 1.0 
0.9964, 0.2838, 0.09, 0.04, 1.0 
1.0028, 0.2846, 0.09, 0.06, 1.0 
1.009, 0.2852, 0.09, 0.08, 1.0 
1.0148, 0.2858, 0.09, 0.1, 1.0 
1.0202, 0.2862, 0.09, 0.12, 1.0 
1.0271, 0.287, 0.09, 0.14, 1.0 
1.0319, 0.2871, 0.09, 0.16, 1.0 
1.0381, 0.2877, 0.09, 0.18, 1.0 
1.0458, 0.2886, 0.09, 0.2, 1.0 
1.0512, 0.2889, 0.09, 0.22, 1.0 
1.0582, 0.2896, 0.09, 0.24, 1.0 
1.0648, 0.2901, 0.09, 0.26, 1.0 
1.0728, 0.291, 0.09, 0.28, 1.0 
1.0786, 0.2912, 0.09, 0.3, 1.0 
1.0858, 0.2918, 0.09, 0.32, 1.0 
1.0944, 0.2927, 0.09, 0.34, 1.0 
1.1026, 0.2935, 0.09, 0.36, 1.0 
1.1103, 0.294, 0.09, 0.38, 1.0 
1.1174, 0.2944, 0.09, 0.4, 1.0 
1.128, 0.2955, 0.09, 0.42, 1.0 
1.1358, 0.2959, 0.09, 0.44, 1.0 
1.145, 0.2966, 0.09, 0.46, 1.0 
1.1556, 0.2975, 0.09, 0.48, 1.0 
1.1653, 0.2982, 0.09, 0.5, 1.0 
1.1782, 0.2994, 0.09, 0.52, 1.0 
1.1881, 0.2999, 0.09, 0.54, 1.0 
1.2011, 0.301, 0.09, 0.56, 1.0 
1.2151, 0.3021, 0.09, 0.58, 1.0 
1.2277, 0.3028, 0.09, 0.6, 1.0 
1.2431, 0.3039, 0.09, 0.62, 1.0 
1.2589, 0.3049, 0.09, 0.64, 1.0 
1.2771, 0.3062, 0.09, 0.66, 1.0 
1.2975, 0.3077, 0.09, 0.68, 1.0 
0.98, 0.346, 0.11, 0.0, 1.0 
0.9866, 0.3467, 0.11, 0.02, 1.0 
0.9929, 0.3473, 0.11, 0.04, 1.0 
1.0003, 0.3483, 0.11, 0.06, 1.0 
1.0074, 0.3491, 0.11, 0.08, 1.0 
1.0142, 0.3498, 0.11, 0.1, 1.0 
1.0221, 0.3508, 0.11, 0.12, 1.0 
1.0298, 0.3517, 0.11, 0.14, 1.0 
1.0371, 0.3525, 0.11, 0.16, 1.0 
1.0441, 0.3531, 0.11, 0.18, 1.0 
1.0522, 0.354, 0.11, 0.2, 1.0 
1.0601, 0.3548, 0.11, 0.22, 1.0 
1.0676, 0.3555, 0.11, 0.24, 1.0 
1.0763, 0.3565, 0.11, 0.26, 1.0 
1.0847, 0.3573, 0.11, 0.28, 1.0 
1.0943, 0.3584, 0.11, 0.3, 1.0 
1.1035, 0.3593, 0.11, 0.32, 1.0 
1.1123, 0.3601, 0.11, 0.34, 1.0 
1.1223, 0.3611, 0.11, 0.36, 1.0 
1.1335, 0.3624, 0.11, 0.38, 1.0 
1.1443, 0.3635, 0.11, 0.4, 1.0 
1.1545, 0.3643, 0.11, 0.42, 1.0 
1.1659, 0.3653, 0.11, 0.44, 1.0 
1.1784, 0.3666, 0.11, 0.46, 1.0 
1.1903, 0.3675, 0.11, 0.48, 1.0 
1.205, 0.3691, 0.11, 0.5, 1.0 
1.2189, 0.3703, 0.11, 0.52, 1.0 
1.2338, 0.3716, 0.11, 0.54, 1.0 
1.2496, 0.3729, 0.11, 0.56, 1.0 
1.2662, 0.3742, 0.11, 0.58, 1.0 
1.2835, 0.3755, 0.11, 0.6, 1.0 
1.3032, 0.3771, 0.11, 0.62, 1.0 
1.3252, 0.379, 0.11, 0.64, 1.0 
1.3475, 0.3805, 0.11, 0.66, 1.0 
1.3736, 0.3826, 0.11, 0.68, 1.0 
0.9715, 0.4085, 0.13, 0.0, 1.0 
0.9793, 0.4095, 0.13, 0.02, 1.0 
0.988, 0.4109, 0.13, 0.04, 1.0 
0.9964, 0.4121, 0.13, 0.06, 1.0 
1.0045, 0.4132, 0.13, 0.08, 1.0 
1.0124, 0.4141, 0.13, 0.1, 1.0 
1.0212, 0.4153, 0.13, 0.12, 1.0 
1.0297, 0.4164, 0.13, 0.14, 1.0 
1.0392, 0.4178, 0.13, 0.16, 1.0 
1.0485, 0.419, 0.13, 0.18, 1.0 
1.0575, 0.42, 0.13, 0.2, 1.0 
1.0675, 0.4214, 0.13, 0.22, 1.0 
1.0772, 0.4226, 0.13, 0.24, 1.0 
1.0866, 0.4235, 0.13, 0.26, 1.0 
1.0971, 0.4248, 0.13, 0.28, 1.0 
1.1087, 0.4264, 0.13, 0.3, 1.0 
1.1199, 0.4278, 0.13, 0.32, 1.0 
1.1308, 0.4289, 0.13, 0.34, 1.0 
1.1428, 0.4303, 0.13, 0.36, 1.0 
1.1558, 0.4319, 0.13, 0.38, 1.0 
1.1685, 0.4332, 0.13, 0.4, 1.0 
1.1822, 0.4348, 0.13, 0.42, 1.0 
1.1954, 0.436, 0.13, 0.44, 1.0 
1.2097, 0.4374, 0.13, 0.46, 1.0 
1.2266, 0.4395, 0.13, 0.48, 1.0 
1.2429, 0.4411, 0.13, 0.5, 1.0 
1.2601, 0.4428, 0.13, 0.52, 1.0 
1.2783, 0.4445, 0.13, 0.54, 1.0 
1.2974, 0.4462, 0.13, 0.56, 1.0 
1.3189, 0.4483, 0.13, 0.58, 1.0 
1.3428, 0.4507, 0.13, 0.6, 1.0 
1.3674, 0.4529, 0.13, 0.62, 1.0 
1.3942, 0.4552, 0.13, 0.64, 1.0 
1.4232, 0.4576, 0.13, 0.66, 1.0 
1.456, 0.4604, 0.13, 0.68, 1.0 
0.9629, 0.4715, 0.15, 0.0, 1.0 
0.9719, 0.4729, 0.15, 0.02, 1.0 
0.9816, 0.4746, 0.15, 0.04, 1.0 
0.9911, 0.4762, 0.15, 0.06, 1.0 
1.0003, 0.4775, 0.15, 0.08, 1.0 
1.0103, 0.4792, 0.15, 0.1, 1.0 
1.0201, 0.4806, 0.15, 0.12, 1.0 
1.0297, 0.4819, 0.15, 0.14, 1.0 
1.0402, 0.4835, 0.15, 0.16, 1.0 
1.0515, 0.4854, 0.15, 0.18, 1.0 
1.0615, 0.4866, 0.15, 0.2, 1.0 
1.0735, 0.4886, 0.15, 0.22, 1.0 
1.0841, 0.4898, 0.15, 0.24, 1.0 
1.0969, 0.4919, 0.15, 0.26, 1.0 
1.1082, 0.4932, 0.15, 0.28, 1.0 
1.1205, 0.4948, 0.15, 0.3, 1.0 
1.1338, 0.4966, 0.15, 0.32, 1.0 
1.1481, 0.4987, 0.15, 0.34, 1.0 
1.1621, 0.5005, 0.15, 0.36, 1.0 
1.1759, 0.502, 0.15, 0.38, 1.0 
1.1919, 0.5042, 0.15, 0.4, 1.0 
1.2077, 0.5061, 0.15, 0.42, 1.0 
1.2245, 0.5081, 0.15, 0.44, 1.0 
1.2423, 0.5102, 0.15, 0.46, 1.0 
1.2611, 0.5124, 0.15, 0.48, 1.0 
1.2809, 0.5147, 0.15, 0.5, 1.0 
1.3018, 0.5169, 0.15, 0.52, 1.0 
1.3236, 0.5192, 0.15, 0.54, 1.0 
1.3478, 0.5218, 0.15, 0.56, 1.0 
1.373, 0.5242, 0.15, 0.58, 1.0 
1.4021, 0.5275, 0.15, 0.6, 1.0 
1.4322, 0.5303, 0.15, 0.62, 1.0 
1.4646, 0.5333, 0.15, 0.64, 1.0 
1.501, 0.5366, 0.15, 0.66, 1.0 
1.5414, 0.5402, 0.15, 0.68, 1.0 
0.953, 0.5345, 0.17, 0.0, 1.0 
0.9631, 0.5363, 0.17, 0.02, 1.0 
0.973, 0.5379, 0.17, 0.04, 1.0 
0.9844, 0.5404, 0.17, 0.06, 1.0 
0.9947, 0.5421, 0.17, 0.08, 1.0 
1.0058, 0.544, 0.17, 0.1, 1.0 
1.0167, 0.5458, 0.17, 0.12, 1.0 
1.0283, 0.5479, 0.17, 0.14, 1.0 
1.0407, 0.5502, 0.17, 0.16, 1.0 
1.052, 0.5518, 0.17, 0.18, 1.0 
1.0651, 0.5542, 0.17, 0.2, 1.0 
1.077, 0.5559, 0.17, 0.22, 1.0 
1.0908, 0.5583, 0.17, 0.24, 1.0 
1.1045, 0.5605, 0.17, 0.26, 1.0 
1.118, 0.5624, 0.17, 0.28, 1.0 
1.1325, 0.5646, 0.17, 0.3, 1.0 
1.1478, 0.567, 0.17, 0.32, 1.0 
1.163, 0.5691, 0.17, 0.34, 1.0 
1.1792, 0.5713, 0.17, 0.36, 1.0 
1.1964, 0.5738, 0.17, 0.38, 1.0 
1.2146, 0.5764, 0.17, 0.4, 1.0 
1.2326, 0.5787, 0.17, 0.42, 1.0 
1.2529, 0.5815, 0.17, 0.44, 1.0 
1.2731, 0.5839, 0.17, 0.46, 1.0 
1.2955, 0.5869, 0.17, 0.48, 1.0 
1.3191, 0.5899, 0.17, 0.5, 1.0 
1.3438, 0.5928, 0.17, 0.52, 1.0 
1.3709, 0.5961, 0.17, 0.54, 1.0 
1.3992, 0.5993, 0.17, 0.56, 1.0 
1.4301, 0.6027, 0.17, 0.58, 1.0 
1.4635, 0.6063, 0.17, 0.6, 1.0 
1.4996, 0.6099, 0.17, 0.62, 1.0 
1.5399, 0.614, 0.17, 0.64, 1.0 
1.5829, 0.6179, 0.17, 0.66, 1.0 
1.6319, 0.6224, 0.17, 0.68, 1.0 
0.9411, 0.597, 0.19, 0.0, 1.0 
0.953, 0.5998, 0.19, 0.02, 1.0 
0.964, 0.6019, 0.19, 0.04, 1.0 
0.9756, 0.6042, 0.19, 0.06, 1.0 
0.9878, 0.6068, 0.19, 0.08, 1.0 
0.9999, 0.6092, 0.19, 0.1, 1.0 
1.0127, 0.6118, 0.19, 0.12, 1.0 
1.0254, 0.6142, 0.19, 0.14, 1.0 
1.0388, 0.6169, 0.19, 0.16, 1.0 
1.0522, 0.6193, 0.19, 0.18, 1.0 
1.0663, 0.622, 0.19, 0.2, 1.0 
1.0803, 0.6244, 0.19, 0.22, 1.0 
1.0951, 0.627, 0.19, 0.24, 1.0 
1.1108, 0.6299, 0.19, 0.26, 1.0 
1.1265, 0.6325, 0.19, 0.28, 1.0 
1.143, 0.6353, 0.19, 0.3, 1.0 
1.1605, 0.6383, 0.19, 0.32, 1.0 
1.178, 0.641, 0.19, 0.34, 1.0 
1.1965, 0.6438, 0.19, 0.36, 1.0 
1.2159, 0.6468, 0.19, 0.38, 1.0 
1.2365, 0.6499, 0.19, 0.4, 1.0 
1.2581, 0.6531, 0.19, 0.42, 1.0 
1.2808, 0.6564, 0.19, 0.44, 1.0 
1.3047, 0.6597, 0.19, 0.46, 1.0 
1.3298, 0.663, 0.19, 0.48, 1.0 
1.3573, 0.6667, 0.19, 0.5, 1.0 
1.3861, 0.6704, 0.19, 0.52, 1.0 
1.4175, 0.6744, 0.19, 0.54, 1.0 
1.4503, 0.6781, 0.19, 0.56, 1.0 
1.4871, 0.6826, 0.19, 0.58, 1.0 
1.5269, 0.6871, 0.19, 0.6, 1.0 
1.5697, 0.6916, 0.19, 0.62, 1.0 
1.617, 0.6965, 0.19, 0.64, 1.0 
1.6708, 0.7021, 0.19, 0.66, 1.0 
1.7296, 0.7076, 0.19, 0.68, 1.0 
0.9287, 0.66, 0.21, 0.0, 1.0 
0.941, 0.6629, 0.21, 0.02, 1.0 
0.9537, 0.6659, 0.21, 0.04, 1.0 
0.9664, 0.6688, 0.21, 0.06, 1.0 
0.9796, 0.6719, 0.21, 0.08, 1.0 
0.9935, 0.6752, 0.21, 0.1, 1.0 
1.0073, 0.6783, 0.21, 0.12, 1.0 
1.0211, 0.681, 0.21, 0.14, 1.0 
1.0356, 0.6841, 0.21, 0.16, 1.0 
1.0508, 0.6873, 0.21, 0.18, 1.0 
1.066, 0.6903, 0.21, 0.2, 1.0 
1.082, 0.6935, 0.21, 0.22, 1.0 
1.0989, 0.697, 0.21, 0.24, 1.0 
1.1158, 0.7001, 0.21, 0.26, 1.0 
1.1335, 0.7034, 0.21, 0.28, 1.0 
1.1522, 0.707, 0.21, 0.3, 1.0 
1.171, 0.7101, 0.21, 0.32, 1.0 
1.1917, 0.714, 0.21, 0.34, 1.0 
1.2125, 0.7174, 0.21, 0.36, 1.0 
1.2344, 0.721, 0.21, 0.38, 1.0 
1.2574, 0.7247, 0.21, 0.4, 1.0 
1.2816, 0.7284, 0.21, 0.42, 1.0 
1.308, 0.7327, 0.21, 0.44, 1.0 
1.3358, 0.7369, 0.21, 0.46, 1.0 
1.365, 0.7411, 0.21, 0.48, 1.0 
1.3956, 0.7452, 0.21, 0.5, 1.0 
1.4288, 0.7497, 0.21, 0.52, 1.0 
1.4648, 0.7544, 0.21, 0.54, 1.0 
1.5038, 0.7594, 0.21, 0.56, 1.0 
1.5458, 0.7645, 0.21, 0.58, 1.0 
1.5925, 0.7701, 0.21, 0.6, 1.0 
1.6427, 0.7755, 0.21, 0.62, 1.0 
1.6995, 0.7818, 0.21, 0.64, 1.0 
1.7618, 0.7881, 0.21, 0.66, 1.0 
1.8316, 0.7947, 0.21, 0.68, 1.0 
0.9152, 0.723, 0.23, 0.0, 1.0 
0.9284, 0.7265, 0.23, 0.02, 1.0 
0.9421, 0.7301, 0.23, 0.04, 1.0 
0.9558, 0.7335, 0.23, 0.06, 1.0 
0.9701, 0.7371, 0.23, 0.08, 1.0 
0.9849, 0.741, 0.23, 0.1, 1.0 
0.9998, 0.7445, 0.23, 0.12, 1.0 
1.0154, 0.7483, 0.23, 0.14, 1.0 
1.031, 0.7517, 0.23, 0.16, 1.0 
1.048, 0.756, 0.23, 0.18, 1.0 
1.0644, 0.7593, 0.23, 0.2, 1.0 
1.0823, 0.7634, 0.23, 0.22, 1.0 
1.1004, 0.7672, 0.23, 0.24, 1.0 
1.1193, 0.7712, 0.23, 0.26, 1.0 
1.1392, 0.7753, 0.23, 0.28, 1.0 
1.1592, 0.7791, 0.23, 0.3, 1.0 
1.1811, 0.7835, 0.23, 0.32, 1.0 
1.2032, 0.7875, 0.23, 0.34, 1.0 
1.2264, 0.7917, 0.23, 0.36, 1.0 
1.2517, 0.7965, 0.23, 0.38, 1.0 
1.2773, 0.8007, 0.23, 0.4, 1.0 
1.3052, 0.8056, 0.23, 0.42, 1.0 
1.3345, 0.8104, 0.23, 0.44, 1.0 
1.3653, 0.8152, 0.23, 0.46, 1.0 
1.3987, 0.8204, 0.23, 0.48, 1.0 
1.4338, 0.8254, 0.23, 0.5, 1.0 
1.4718, 0.8308, 0.23, 0.52, 1.0 
1.5128, 0.8363, 0.23, 0.54, 1.0 
1.5584, 0.8426, 0.23, 0.56, 1.0 
1.6075, 0.8489, 0.23, 0.58, 1.0 
1.6604, 0.8551, 0.23, 0.6, 1.0 
1.7187, 0.8616, 0.23, 0.62, 1.0 
1.7844, 0.8688, 0.23, 0.64, 1.0 
1.8579, 0.8765, 0.23, 0.66, 1.0 
1.94, 0.8843, 0.23, 0.68, 1.0 
0.9, 0.7855, 0.25, 0.0, 1.0 
0.9146, 0.7901, 0.25, 0.02, 1.0 
0.9292, 0.7945, 0.25, 0.04, 1.0 
0.9439, 0.7985, 0.25, 0.06, 1.0 
0.9592, 0.8027, 0.25, 0.08, 1.0 
0.9751, 0.8071, 0.25, 0.1, 1.0 
0.9916, 0.8117, 0.25, 0.12, 1.0 
1.0082, 0.816, 0.25, 0.14, 1.0 
1.0256, 0.8205, 0.25, 0.16, 1.0 
1.0431, 0.8246, 0.25, 0.18, 1.0 
1.062, 0.8295, 0.25, 0.2, 1.0 
1.0811, 0.834, 0.25, 0.22, 1.0 
1.1012, 0.8387, 0.25, 0.24, 1.0 
1.1214, 0.8431, 0.25, 0.26, 1.0 
1.1434, 0.8481, 0.25, 0.28, 1.0 
1.1656, 0.8527, 0.25, 0.3, 1.0 
1.189, 0.8574, 0.25, 0.32, 1.0 
1.2142, 0.8628, 0.25, 0.34, 1.0 
1.24, 0.8677, 0.25, 0.36, 1.0 
1.2679, 0.8732, 0.25, 0.38, 1.0 
1.2963, 0.8782, 0.25, 0.4, 1.0 
1.327, 0.8837, 0.25, 0.42, 1.0 
1.3603, 0.8897, 0.25, 0.44, 1.0 
1.3954, 0.8956, 0.25, 0.46, 1.0 
1.4322, 0.9013, 0.25, 0.48, 1.0 
1.4721, 0.9073, 0.25, 0.5, 1.0 
1.5151, 0.9136, 0.25, 0.52, 1.0 
1.5627, 0.9207, 0.25, 0.54, 1.0 
1.6129, 0.9272, 0.25, 0.56, 1.0 
1.6696, 0.9348, 0.25, 0.58, 1.0 
1.7308, 0.9423, 0.25, 0.6, 1.0 
1.7995, 0.9505, 0.25, 0.62, 1.0 
1.875, 0.9587, 0.25, 0.64, 1.0 
1.9596, 0.9672, 0.25, 0.66, 1.0 
2.0573, 0.9768, 0.25, 0.68, 1.0 
0.8841, 0.8485, 0.27, 0.0, 1.0 
0.8992, 0.8534, 0.27, 0.02, 1.0 
0.9147, 0.8584, 0.27, 0.04, 1.0 
0.9308, 0.8636, 0.27, 0.06, 1.0 
0.9471, 0.8685, 0.27, 0.08, 1.0 
0.9644, 0.8741, 0.27, 0.1, 1.0 
0.9815, 0.8788, 0.27, 0.12, 1.0 
0.9997, 0.8842, 0.27, 0.14, 1.0 
1.0181, 0.8892, 0.27, 0.16, 1.0 
1.0374, 0.8944, 0.27, 0.18, 1.0 
1.0575, 0.8998, 0.27, 0.2, 1.0 
1.0784, 0.9054, 0.27, 0.22, 1.0 
1.0998, 0.9105, 0.27, 0.24, 1.0 
1.1221, 0.9158, 0.27, 0.26, 1.0 
1.1461, 0.9218, 0.27, 0.28, 1.0 
1.1706, 0.9274, 0.27, 0.3, 1.0 
1.1962, 0.933, 0.27, 0.32, 1.0 
1.2232, 0.9387, 0.27, 0.34, 1.0 
1.2523, 0.945, 0.27, 0.36, 1.0 
1.2828, 0.9513, 0.27, 0.38, 1.0 
1.3141, 0.957, 0.27, 0.4, 1.0 
1.3488, 0.9638, 0.27, 0.42, 1.0 
1.3853, 0.9705, 0.27, 0.44, 1.0 
1.4238, 0.977, 0.27, 0.46, 1.0 
1.4654, 0.9839, 0.27, 0.48, 1.0 
1.5103, 0.991, 0.27, 0.5, 1.0 
1.5598, 0.9989, 0.27, 0.52, 1.0 
1.6122, 1.0064, 0.27, 0.54, 1.0 
1.67, 1.0144, 0.27, 0.56, 1.0 
1.7336, 1.0229, 0.27, 0.58, 1.0 
1.8037, 1.0316, 0.27, 0.6, 1.0 
1.8823, 1.041, 0.27, 0.62, 1.0 
1.9689, 1.0502, 0.27, 0.64, 1.0 
2.0688, 1.0608, 0.27, 0.66, 1.0 
2.1806, 1.0713, 0.27, 0.68, 1.0 
0.8672, 0.9115, 0.29, 0.0, 1.0 
0.8831, 0.9172, 0.29, 0.02, 1.0 
0.8995, 0.923, 0.29, 0.04, 1.0 
0.9165, 0.929, 0.29, 0.06, 1.0 
0.9337, 0.9346, 0.29, 0.08, 1.0 
0.952, 0.9409, 0.29, 0.1, 1.0 
0.9705, 0.9468, 0.29, 0.12, 1.0 
0.9897, 0.9528, 0.29, 0.14, 1.0 
1.0093, 0.9585, 0.29, 0.16, 1.0 
1.0302, 0.9649, 0.29, 0.18, 1.0 
1.0515, 0.9709, 0.29, 0.2, 1.0 
1.0737, 0.977, 0.29, 0.22, 1.0 
1.0969, 0.9832, 0.29, 0.24, 1.0 
1.1218, 0.9901, 0.29, 0.26, 1.0 
1.1473, 0.9966, 0.29, 0.28, 1.0 
1.174, 1.0031, 0.29, 0.3, 1.0 
1.2021, 1.0097, 0.29, 0.32, 1.0 
1.2315, 1.0163, 0.29, 0.34, 1.0 
1.2632, 1.0235, 0.29, 0.36, 1.0 
1.2958, 1.0301, 0.29, 0.38, 1.0 
1.3317, 1.0378, 0.29, 0.4, 1.0 
1.3688, 1.0448, 0.29, 0.42, 1.0 
1.4096, 1.0529, 0.29, 0.44, 1.0 
1.4527, 1.0607, 0.29, 0.46, 1.0 
1.4992, 1.0688, 0.29, 0.48, 1.0 
1.5495, 1.0771, 0.29, 0.5, 1.0 
1.6038, 1.0855, 0.29, 0.52, 1.0 
1.6625, 1.094, 0.29, 0.54, 1.0 
1.7283, 1.1036, 0.29, 0.56, 1.0 
1.7997, 1.1129, 0.29, 0.58, 1.0 
1.8796, 1.123, 0.29, 0.6, 1.0 
1.969, 1.1337, 0.29, 0.62, 1.0 
2.0693, 1.1447, 0.29, 0.64, 1.0 
2.1832, 1.1563, 0.29, 0.66, 1.0 
2.3142, 1.1686, 0.29, 0.68, 1.0 
0.849, 0.974, 0.31, 0.0, 1.0 
0.866, 0.9811, 0.31, 0.02, 1.0 
0.8832, 0.9877, 0.31, 0.04, 1.0 
0.901, 0.9946, 0.31, 0.06, 1.0 
0.9195, 1.0015, 0.31, 0.08, 1.0 
0.9382, 1.008, 0.31, 0.1, 1.0 
0.9577, 1.0147, 0.31, 0.12, 1.0 
0.9784, 1.022, 0.31, 0.14, 1.0 
0.9995, 1.029, 0.31, 0.16, 1.0 
1.0215, 1.036, 0.31, 0.18, 1.0 
1.044, 1.0426, 0.31, 0.2, 1.0 
1.068, 1.0499, 0.31, 0.22, 1.0 
1.0931, 1.0573, 0.31, 0.24, 1.0 
1.1194, 1.0648, 0.31, 0.26, 1.0 
1.1465, 1.0718, 0.31, 0.28, 1.0 
1.1754, 1.0794, 0.31, 0.3, 1.0 
1.2058, 1.087, 0.31, 0.32, 1.0 
1.2384, 1.0952, 0.31, 0.34, 1.0 
1.2721, 1.1028, 0.31, 0.36, 1.0 
1.3084, 1.111, 0.31, 0.38, 1.0 
1.3473, 1.1196, 0.31, 0.4, 1.0 
1.3885, 1.128, 0.31, 0.42, 1.0 
1.433, 1.1369, 0.31, 0.44, 1.0 
1.48, 1.1454, 0.31, 0.46, 1.0 
1.5317, 1.1548, 0.31, 0.48, 1.0 
1.5877, 1.1644, 0.31, 0.5, 1.0 
1.6482, 1.1741, 0.31, 0.52, 1.0 
1.7148, 1.1843, 0.31, 0.54, 1.0 
1.7882, 1.1949, 0.31, 0.56, 1.0 
1.8691, 1.2057, 0.31, 0.58, 1.0 
1.9584, 1.2167, 0.31, 0.6, 1.0 
2.0599, 1.2286, 0.31, 0.62, 1.0 
2.1737, 1.2408, 0.31, 0.64, 1.0 
2.3047, 1.254, 0.31, 0.66, 1.0 
2.4555, 1.2678, 0.31, 0.68, 1.0 
0.8301, 1.037, 0.33, 0.0, 1.0 
0.8475, 1.0445, 0.33, 0.02, 1.0 
0.8657, 1.0527, 0.33, 0.04, 1.0 
0.8843, 1.0604, 0.33, 0.06, 1.0 
0.9036, 1.0682, 0.33, 0.08, 1.0 
0.9233, 1.0756, 0.33, 0.1, 1.0 
0.9441, 1.0836, 0.33, 0.12, 1.0 
0.9657, 1.0918, 0.33, 0.14, 1.0 
0.9879, 1.0995, 0.33, 0.16, 1.0 
1.011, 1.1073, 0.33, 0.18, 1.0 
1.0356, 1.1158, 0.33, 0.2, 1.0 
1.0609, 1.1237, 0.33, 0.22, 1.0 
1.0873, 1.1318, 0.33, 0.24, 1.0 
1.1156, 1.1405, 0.33, 0.26, 1.0 
1.1447, 1.1486, 0.33, 0.28, 1.0 
1.1759, 1.1574, 0.33, 0.3, 1.0 
1.2087, 1.1662, 0.33, 0.32, 1.0 
1.2433, 1.1749, 0.33, 0.34, 1.0 
1.2804, 1.1841, 0.33, 0.36, 1.0 
1.3196, 1.1933, 0.33, 0.38, 1.0 
1.3618, 1.2029, 0.33, 0.4, 1.0 
1.4065, 1.2122, 0.33, 0.42, 1.0 
1.4548, 1.222, 0.33, 0.44, 1.0 
1.5076, 1.2326, 0.33, 0.46, 1.0 
1.564, 1.2427, 0.33, 0.48, 1.0 
1.6259, 1.2536, 0.33, 0.5, 1.0 
1.693, 1.2645, 0.33, 0.52, 1.0 
1.7669, 1.2759, 0.33, 0.54, 1.0 
1.8485, 1.2876, 0.33, 0.56, 1.0 
1.9397, 1.3001, 0.33, 0.58, 1.0 
2.0407, 1.3125, 0.33, 0.6, 1.0 
2.1554, 1.3258, 0.33, 0.62, 1.0 
2.2858, 1.3398, 0.33, 0.64, 1.0 
2.4343, 1.354, 0.33, 0.66, 1.0 
2.6073, 1.3693, 0.33, 0.68, 1.0 
0.8103, 1.1, 0.35, 0.0, 1.0 
0.8283, 1.1086, 0.35, 0.02, 1.0 
0.847, 1.1172, 0.35, 0.04, 1.0 
0.8665, 1.1264, 0.35, 0.06, 1.0 
0.8866, 1.1352, 0.35, 0.08, 1.0 
0.9074, 1.1441, 0.35, 0.1, 1.0 
0.9291, 1.1531, 0.35, 0.12, 1.0 
0.9513, 1.1615, 0.35, 0.14, 1.0 
0.9749, 1.1707, 0.35, 0.16, 1.0 
0.9995, 1.1799, 0.35, 0.18, 1.0 
1.0252, 1.1891, 0.35, 0.2, 1.0 
1.0522, 1.1985, 0.35, 0.22, 1.0 
1.0805, 1.2078, 0.35, 0.24, 1.0 
1.1102, 1.2172, 0.35, 0.26, 1.0 
1.1415, 1.2267, 0.35, 0.28, 1.0 
1.1749, 1.2367, 0.35, 0.3, 1.0 
1.2101, 1.2466, 0.35, 0.32, 1.0 
1.2473, 1.2565, 0.35, 0.34, 1.0 
1.2873, 1.2669, 0.35, 0.36, 1.0 
1.3296, 1.2771, 0.35, 0.38, 1.0 
1.3751, 1.2877, 0.35, 0.4, 1.0 
1.4243, 1.2987, 0.35, 0.42, 1.0 
1.4765, 1.3094, 0.35, 0.44, 1.0 
1.5339, 1.3209, 0.35, 0.46, 1.0 
1.5959, 1.3325, 0.35, 0.48, 1.0 
1.6642, 1.3448, 0.35, 0.5, 1.0 
1.7384, 1.357, 0.35, 0.52, 1.0 
1.8202, 1.3696, 0.35, 0.54, 1.0 
1.9117, 1.383, 0.35, 0.56, 1.0 
2.013, 1.3965, 0.35, 0.58, 1.0 
2.1267, 1.4105, 0.35, 0.6, 1.0 
2.2559, 1.4252, 0.35, 0.62, 1.0 
2.4046, 1.441, 0.35, 0.64, 1.0 
2.5744, 1.457, 0.35, 0.66, 1.0 
2.7724, 1.4737, 0.35, 0.68, 1.0 
0.7894, 1.1625, 0.37, 0.0, 1.0 
0.8082, 1.1727, 0.37, 0.02, 1.0 
0.8274, 1.1824, 0.37, 0.04, 1.0 
0.8474, 1.1922, 0.37, 0.06, 1.0 
0.8684, 1.2026, 0.37, 0.08, 1.0 
0.89, 1.2125, 0.37, 0.1, 1.0 
0.9125, 1.2225, 0.37, 0.12, 1.0 
0.936, 1.2325, 0.37, 0.14, 1.0 
0.9609, 1.2431, 0.37, 0.16, 1.0 
0.9865, 1.2532, 0.37, 0.18, 1.0 
1.0135, 1.2634, 0.37, 0.2, 1.0 
1.042, 1.2741, 0.37, 0.22, 1.0 
1.0717, 1.2843, 0.37, 0.24, 1.0 
1.1033, 1.2951, 0.37, 0.26, 1.0 
1.1367, 1.3059, 0.37, 0.28, 1.0 
1.1723, 1.3172, 0.37, 0.3, 1.0 
1.2095, 1.3278, 0.37, 0.32, 1.0 
1.2499, 1.3396, 0.37, 0.34, 1.0 
1.2922, 1.3505, 0.37, 0.36, 1.0 
1.3383, 1.3625, 0.37, 0.38, 1.0 
1.3873, 1.3743, 0.37, 0.4, 1.0 
1.4403, 1.3863, 0.37, 0.42, 1.0 
1.4975, 1.3986, 0.37, 0.44, 1.0 
1.5603, 1.4117, 0.37, 0.46, 1.0 
1.6285, 1.4248, 0.37, 0.48, 1.0 
1.7027, 1.4379, 0.37, 0.5, 1.0 
1.7844, 1.4515, 0.37, 0.52, 1.0 
1.8758, 1.466, 0.37, 0.54, 1.0 
1.977, 1.4806, 0.37, 0.56, 1.0 
2.0892, 1.4951, 0.37, 0.58, 1.0 
2.2168, 1.5106, 0.37, 0.6, 1.0 
2.3634, 1.5274, 0.37, 0.62, 1.0 
2.5293, 1.5439, 0.37, 0.64, 1.0 
2.7226, 1.5615, 0.37, 0.66, 1.0 
2.9486, 1.5797, 0.37, 0.68, 1.0 
0.7679, 1.2255, 0.39, 0.0, 1.0 
0.787, 1.2364, 0.39, 0.02, 1.0 
0.8069, 1.2479, 0.39, 0.04, 1.0 
0.8275, 1.2588, 0.39, 0.06, 1.0 
0.8491, 1.2704, 0.39, 0.08, 1.0 
0.8715, 1.2814, 0.39, 0.1, 1.0 
0.895, 1.293, 0.39, 0.12, 1.0 
0.9194, 1.304, 0.39, 0.14, 1.0 
0.9452, 1.3157, 0.39, 0.16, 1.0 
0.9722, 1.3274, 0.39, 0.18, 1.0 
1.0003, 1.3385, 0.39, 0.2, 1.0 
1.0301, 1.3502, 0.39, 0.22, 1.0 
1.0618, 1.3625, 0.39, 0.24, 1.0 
1.095, 1.3741, 0.39, 0.26, 1.0 
1.1303, 1.3863, 0.39, 0.28, 1.0 
1.1678, 1.3984, 0.39, 0.3, 1.0 
1.2079, 1.411, 0.39, 0.32, 1.0 
1.2505, 1.4235, 0.39, 0.34, 1.0 
1.2963, 1.4363, 0.39, 0.36, 1.0 
1.3457, 1.4496, 0.39, 0.38, 1.0 
1.3984, 1.4625, 0.39, 0.4, 1.0 
1.456, 1.4763, 0.39, 0.42, 1.0 
1.5177, 1.4897, 0.39, 0.44, 1.0 
1.5855, 1.5038, 0.39, 0.46, 1.0 
1.6601, 1.5185, 0.39, 0.48, 1.0 
1.7414, 1.5331, 0.39, 0.5, 1.0 
1.8312, 1.548, 0.39, 0.52, 1.0 
1.9317, 1.5638, 0.39, 0.54, 1.0 
2.0433, 1.5796, 0.39, 0.56, 1.0 
2.1699, 1.5966, 0.39, 0.58, 1.0 
2.3127, 1.6136, 0.39, 0.6, 1.0 
2.4757, 1.6312, 0.39, 0.62, 1.0 
2.6638, 1.6496, 0.39, 0.64, 1.0 
2.8816, 1.6682, 0.39, 0.66, 1.0 
3.1411, 1.6885, 0.39, 0.68, 1.0 
0.7455, 1.2885, 0.41, 0.0, 1.0 
0.7651, 1.3008, 0.41, 0.02, 1.0 
0.7855, 1.3135, 0.41, 0.04, 1.0 
0.8066, 1.3257, 0.41, 0.06, 1.0 
0.8288, 1.3385, 0.41, 0.08, 1.0 
0.852, 1.3513, 0.41, 0.1, 1.0 
0.8761, 1.3635, 0.41, 0.12, 1.0 
0.9015, 1.3763, 0.41, 0.14, 1.0 
0.9282, 1.3891, 0.41, 0.16, 1.0 
0.9562, 1.4019, 0.41, 0.18, 1.0 
0.986, 1.4152, 0.41, 0.2, 1.0 
1.017, 1.428, 0.41, 0.22, 1.0 
1.0501, 1.4412, 0.41, 0.24, 1.0 
1.0851, 1.4544, 0.41, 0.26, 1.0 
1.1225, 1.4681, 0.41, 0.28, 1.0 
1.1622, 1.4817, 0.41, 0.3, 1.0 
1.2048, 1.4958, 0.41, 0.32, 1.0 
1.2502, 1.5096, 0.41, 0.34, 1.0 
1.2991, 1.5238, 0.41, 0.36, 1.0 
1.3518, 1.5384, 0.41, 0.38, 1.0 
1.4083, 1.5525, 0.41, 0.4, 1.0 
1.4701, 1.5676, 0.41, 0.42, 1.0 
1.5372, 1.5827, 0.41, 0.44, 1.0 
1.611, 1.5985, 0.41, 0.46, 1.0 
1.6916, 1.6141, 0.41, 0.48, 1.0 
1.7805, 1.6302, 0.41, 0.5, 1.0 
1.879, 1.6466, 0.41, 0.52, 1.0 
1.9893, 1.6638, 0.41, 0.54, 1.0 
2.1133, 1.6815, 0.41, 0.56, 1.0 
2.2531, 1.6995, 0.41, 0.58, 1.0 
2.4125, 1.7182, 0.41, 0.6, 1.0 
2.5948, 1.7372, 0.41, 0.62, 1.0 
2.8058, 1.7567, 0.41, 0.64, 1.0 
3.0547, 1.7777, 0.41, 0.66, 1.0 
3.3475, 1.7987, 0.41, 0.68, 1.0 
0.7224, 1.351, 0.43, 0.0, 1.0 
0.7423, 1.3652, 0.43, 0.02, 1.0 
0.7631, 1.3788, 0.43, 0.04, 1.0 
0.7848, 1.393, 0.43, 0.06, 1.0 
0.8075, 1.4071, 0.43, 0.08, 1.0 
0.8313, 1.4212, 0.43, 0.1, 1.0 
0.8562, 1.4353, 0.43, 0.12, 1.0 
0.8824, 1.4493, 0.43, 0.14, 1.0 
0.9102, 1.4639, 0.43, 0.16, 1.0 
0.9392, 1.4779, 0.43, 0.18, 1.0 
0.97, 1.4924, 0.43, 0.2, 1.0 
1.0026, 1.5068, 0.43, 0.22, 1.0 
1.0373, 1.5218, 0.43, 0.24, 1.0 
1.0738, 1.536, 0.43, 0.26, 1.0 
1.1132, 1.5514, 0.43, 0.28, 1.0 
1.1552, 1.5665, 0.43, 0.3, 1.0 
1.1999, 1.5814, 0.43, 0.32, 1.0 
1.2481, 1.5968, 0.43, 0.34, 1.0 
1.3, 1.6124, 0.43, 0.36, 1.0 
1.3562, 1.6283, 0.43, 0.38, 1.0 
1.4172, 1.6444, 0.43, 0.4, 1.0 
1.4839, 1.6614, 0.43, 0.42, 1.0 
1.5561, 1.6776, 0.43, 0.44, 1.0 
1.6355, 1.6945, 0.43, 0.46, 1.0 
1.7231, 1.7119, 0.43, 0.48, 1.0 
1.8202, 1.7295, 0.43, 0.5, 1.0 
1.9288, 1.7481, 0.43, 0.52, 1.0 
2.0499, 1.7666, 0.43, 0.54, 1.0 
2.1863, 1.7855, 0.43, 0.56, 1.0 
2.3403, 1.8046, 0.43, 0.58, 1.0 
2.5178, 1.8248, 0.43, 0.6, 1.0 
2.7215, 1.8452, 0.43, 0.62, 1.0 
2.9597, 1.8666, 0.43, 0.64, 1.0 
3.2394, 1.8885, 0.43, 0.66, 1.0 
3.5717, 1.9109, 0.43, 0.68, 1.0 
0.6986, 1.414, 0.45, 0.0, 1.0 
0.7188, 1.4292, 0.45, 0.02, 1.0 
0.7399, 1.4449, 0.45, 0.04, 1.0 
0.762, 1.4605, 0.45, 0.06, 1.0 
0.7852, 1.4761, 0.45, 0.08, 1.0 
0.8095, 1.4917, 0.45, 0.1, 1.0 
0.8352, 1.5077, 0.45, 0.12, 1.0 
0.8622, 1.5231, 0.45, 0.14, 1.0 
0.8907, 1.539, 0.45, 0.16, 1.0 
0.9208, 1.5549, 0.45, 0.18, 1.0 
0.9527, 1.5707, 0.45, 0.2, 1.0 
0.9867, 1.5869, 0.45, 0.22, 1.0 
1.0228, 1.6031, 0.45, 0.24, 1.0 
1.0614, 1.6197, 0.45, 0.26, 1.0 
1.1025, 1.6361, 0.45, 0.28, 1.0 
1.1464, 1.6522, 0.45, 0.3, 1.0 
1.194, 1.6694, 0.45, 0.32, 1.0 
1.245, 1.6863, 0.45, 0.34, 1.0 
1.3002, 1.7034, 0.45, 0.36, 1.0 
1.36, 1.7208, 0.45, 0.38, 1.0 
1.425, 1.7383, 0.45, 0.4, 1.0 
1.4964, 1.7565, 0.45, 0.42, 1.0 
1.5743, 1.7746, 0.45, 0.44, 1.0 
1.6604, 1.7933, 0.45, 0.46, 1.0 
1.7549, 1.8117, 0.45, 0.48, 1.0 
1.8605, 1.831, 0.45, 0.5, 1.0 
1.9791, 1.851, 0.45, 0.52, 1.0 
2.1116, 1.8708, 0.45, 0.54, 1.0 
2.2613, 1.891, 0.45, 0.56, 1.0 
2.4322, 1.9118, 0.45, 0.58, 1.0 
2.6295, 1.9336, 0.45, 0.6, 1.0 
2.8567, 1.9553, 0.45, 0.62, 1.0 
3.1231, 1.9779, 0.45, 0.64, 1.0 
3.439, 2.0013, 0.45, 0.66, 1.0 
3.8181, 2.0256, 0.45, 0.68, 1.0 
0.6742, 1.477, 0.47, 0.0, 1.0 
0.6946, 1.4939, 0.47, 0.02, 1.0 
0.716, 1.5112, 0.47, 0.04, 1.0 
0.7384, 1.5285, 0.47, 0.06, 1.0 
0.762, 1.5457, 0.47, 0.08, 1.0 
0.7868, 1.5627, 0.47, 0.1, 1.0 
0.8131, 1.5803, 0.47, 0.12, 1.0 
0.8408, 1.5978, 0.47, 0.14, 1.0 
0.8701, 1.6152, 0.47, 0.16, 1.0 
0.9012, 1.633, 0.47, 0.18, 1.0 
0.9342, 1.6501, 0.47, 0.2, 1.0 
0.9695, 1.6683, 0.47, 0.22, 1.0 
1.0071, 1.6864, 0.47, 0.24, 1.0 
1.0472, 1.7042, 0.47, 0.26, 1.0 
1.0904, 1.7224, 0.47, 0.28, 1.0 
1.1366, 1.7403, 0.47, 0.3, 1.0 
1.1864, 1.7585, 0.47, 0.32, 1.0 
1.2406, 1.7777, 0.47, 0.34, 1.0 
1.2991, 1.7964, 0.47, 0.36, 1.0 
1.3627, 1.8152, 0.47, 0.38, 1.0 
1.4324, 1.8348, 0.47, 0.4, 1.0 
1.5087, 1.8544, 0.47, 0.42, 1.0 
1.5922, 1.8738, 0.47, 0.44, 1.0 
1.6845, 1.8936, 0.47, 0.46, 1.0 
1.7877, 1.9144, 0.47, 0.48, 1.0 
1.9018, 1.9345, 0.47, 0.5, 1.0 
2.0311, 1.9561, 0.47, 0.52, 1.0 
2.1759, 1.9772, 0.47, 0.54, 1.0 
2.3412, 1.9993, 0.47, 0.56, 1.0 
2.5305, 2.0218, 0.47, 0.58, 1.0 
2.7482, 2.0444, 0.47, 0.6, 1.0 
3.0014, 2.0674, 0.47, 0.62, 1.0 
3.301, 2.0917, 0.47, 0.64, 1.0 
3.6554, 2.116, 0.47, 0.66, 1.0 
4.0844, 2.1414, 0.47, 0.68, 1.0 
0.6493, 1.5395, 0.49, 0.0, 1.0 
0.6698, 1.5587, 0.49, 0.02, 1.0 
0.6913, 1.5778, 0.49, 0.04, 1.0 
0.714, 1.5968, 0.49, 0.06, 1.0 
0.7379, 1.6157, 0.49, 0.08, 1.0 
0.7632, 1.6351, 0.49, 0.1, 1.0 
0.79, 1.6543, 0.49, 0.12, 1.0 
0.8183, 1.6734, 0.49, 0.14, 1.0 
0.8483, 1.6923, 0.49, 0.16, 1.0 
0.8803, 1.7117, 0.49, 0.18, 1.0 
0.9145, 1.7315, 0.49, 0.2, 1.0 
0.951, 1.7511, 0.49, 0.22, 1.0 
0.9899, 1.7705, 0.49, 0.24, 1.0 
1.0318, 1.7903, 0.49, 0.26, 1.0 
1.0769, 1.8104, 0.49, 0.28, 1.0 
1.1254, 1.8301, 0.49, 0.3, 1.0 
1.1778, 1.8501, 0.49, 0.32, 1.0 
1.2347, 1.8703, 0.49, 0.34, 1.0 
1.2969, 1.8914, 0.49, 0.36, 1.0 
1.3643, 1.9117, 0.49, 0.38, 1.0 
1.4385, 1.9328, 0.49, 0.4, 1.0 
1.5198, 1.9537, 0.49, 0.42, 1.0 
1.6097, 1.975, 0.49, 0.44, 1.0 
1.7094, 1.9967, 0.49, 0.46, 1.0 
1.8204, 2.0185, 0.49, 0.48, 1.0 
1.9451, 2.041, 0.49, 0.5, 1.0 
2.085, 2.0633, 0.49, 0.52, 1.0 
2.2432, 2.0858, 0.49, 0.54, 1.0 
2.4254, 2.1097, 0.49, 0.56, 1.0 
2.6334, 2.1331, 0.49, 0.58, 1.0 
2.8749, 2.1572, 0.49, 0.6, 1.0 
3.1566, 2.1815, 0.49, 0.62, 1.0 
3.4911, 2.2067, 0.49, 0.64, 1.0 
3.8928, 2.233, 0.49, 0.66, 1.0 
4.3783, 2.2595, 0.49, 0.68, 1.0 
0.6238, 1.6025, 0.51, 0.0, 1.0 
0.6444, 1.6237, 0.51, 0.02, 1.0 
0.666, 1.6442, 0.51, 0.04, 1.0 
0.6889, 1.6657, 0.51, 0.06, 1.0 
0.713, 1.6864, 0.51, 0.08, 1.0 
0.7387, 1.7076, 0.51, 0.1, 1.0 
0.7658, 1.7286, 0.51, 0.12, 1.0 
0.7948, 1.75, 0.51, 0.14, 1.0 
0.8255, 1.7712, 0.51, 0.16, 1.0 
0.8584, 1.7922, 0.51, 0.18, 1.0 
0.8935, 1.8137, 0.51, 0.2, 1.0 
0.9311, 1.8348, 0.51, 0.22, 1.0 
0.9715, 1.8563, 0.51, 0.24, 1.0 
1.0151, 1.8781, 0.51, 0.26, 1.0 
1.0619, 1.8995, 0.51, 0.28, 1.0 
1.1129, 1.9219, 0.51, 0.3, 1.0 
1.168, 1.9437, 0.51, 0.32, 1.0 
1.2279, 1.9657, 0.51, 0.34, 1.0 
1.2933, 1.9877, 0.51, 0.36, 1.0 
1.3651, 2.0104, 0.51, 0.38, 1.0 
1.4439, 2.0329, 0.51, 0.4, 1.0 
1.5305, 2.0552, 0.51, 0.42, 1.0 
1.627, 2.0786, 0.51, 0.44, 1.0 
1.7339, 2.1013, 0.51, 0.46, 1.0 
1.8539, 2.1249, 0.51, 0.48, 1.0 
1.9891, 2.149, 0.51, 0.5, 1.0 
2.1412, 2.1727, 0.51, 0.52, 1.0 
2.3149, 2.1972, 0.51, 0.54, 1.0 
2.5131, 2.2214, 0.51, 0.56, 1.0 
2.7428, 2.2465, 0.51, 0.58, 1.0 
3.0104, 2.2719, 0.51, 0.6, 1.0 
3.3256, 2.298, 0.51, 0.62, 1.0 
3.6989, 2.3242, 0.51, 0.64, 1.0 
4.1486, 2.351, 0.51, 0.66, 1.0 
4.6971, 2.3784, 0.51, 0.68, 1.0 
0.5979, 1.6655, 0.53, 0.0, 1.0 
0.6184, 1.6883, 0.53, 0.02, 1.0 
0.6401, 1.7114, 0.53, 0.04, 1.0 
0.663, 1.735, 0.53, 0.06, 1.0 
0.6874, 1.7577, 0.53, 0.08, 1.0 
0.7133, 1.7809, 0.53, 0.1, 1.0 
0.7409, 1.8044, 0.53, 0.12, 1.0 
0.7703, 1.8277, 0.53, 0.14, 1.0 
0.8017, 1.8508, 0.53, 0.16, 1.0 
0.8353, 1.8742, 0.53, 0.18, 1.0 
0.8714, 1.8973, 0.53, 0.2, 1.0 
0.9102, 1.9208, 0.53, 0.22, 1.0 
0.9521, 1.9445, 0.53, 0.24, 1.0 
0.9972, 1.9678, 0.53, 0.26, 1.0 
1.046, 1.9913, 0.53, 0.28, 1.0 
1.099, 2.015, 0.53, 0.3, 1.0 
1.1568, 2.0387, 0.53, 0.32, 1.0 
1.2201, 2.0633, 0.53, 0.34, 1.0 
1.289, 2.087, 0.53, 0.36, 1.0 
1.365, 2.1113, 0.53, 0.38, 1.0 
1.4486, 2.1353, 0.53, 0.4, 1.0 
1.5413, 2.1597, 0.53, 0.42, 1.0 
1.6445, 2.1843, 0.53, 0.44, 1.0 
1.7595, 2.209, 0.53, 0.46, 1.0 
1.8884, 2.2335, 0.53, 0.48, 1.0 
2.0349, 2.2592, 0.53, 0.5, 1.0 
2.2002, 2.2842, 0.53, 0.52, 1.0 
2.3895, 2.3099, 0.53, 0.54, 1.0 
2.6075, 2.3359, 0.53, 0.56, 1.0 
2.8596, 2.3617, 0.53, 0.58, 1.0 
3.1557, 2.3885, 0.53, 0.6, 1.0 
3.5058, 2.4156, 0.53, 0.62, 1.0 
3.9219, 2.4425, 0.53, 0.64, 1.0 
4.4277, 2.4705, 0.53, 0.66, 1.0 
5.0468, 2.4987, 0.53, 0.68, 1.0 
0.5717, 1.728, 0.55, 0.0, 1.0 
0.592, 1.7536, 0.55, 0.02, 1.0 
0.6136, 1.779, 0.55, 0.04, 1.0 
0.6366, 1.8042, 0.55, 0.06, 1.0 
0.661, 1.8298, 0.55, 0.08, 1.0 
0.6871, 1.8557, 0.55, 0.1, 1.0 
0.715, 1.8807, 0.55, 0.12, 1.0 
0.7449, 1.9067, 0.55, 0.14, 1.0 
0.7769, 1.9317, 0.55, 0.16, 1.0 
0.8113, 1.9577, 0.55, 0.18, 1.0 
0.8483, 1.9833, 0.55, 0.2, 1.0 
0.8882, 2.0085, 0.55, 0.22, 1.0 
0.9314, 2.0339, 0.55, 0.24, 1.0 
0.9781, 2.0595, 0.55, 0.26, 1.0 
1.029, 2.0852, 0.55, 0.28, 1.0 
1.0843, 2.1109, 0.55, 0.3, 1.0 
1.1448, 2.1367, 0.55, 0.32, 1.0 
1.211, 2.1623, 0.55, 0.34, 1.0 
1.284, 2.1886, 0.55, 0.36, 1.0 
1.3643, 2.2145, 0.55, 0.38, 1.0 
1.453, 2.2401, 0.55, 0.4, 1.0 
1.5516, 2.2658, 0.55, 0.42, 1.0 
1.6621, 2.2924, 0.55, 0.44, 1.0 
1.7853, 2.3182, 0.55, 0.46, 1.0 
1.9251, 2.3451, 0.55, 0.48, 1.0 
2.0828, 2.3715, 0.55, 0.5, 1.0 
2.2623, 2.3979, 0.55, 0.52, 1.0 
2.4686, 2.4247, 0.55, 0.54, 1.0 
2.7081, 2.4523, 0.55, 0.56, 1.0 
2.9861, 2.4796, 0.55, 0.58, 1.0 
3.3121, 2.5067, 0.55, 0.6, 1.0 
3.7007, 2.5348, 0.55, 0.62, 1.0 
4.1667, 2.563, 0.55, 0.64, 1.0 
4.7324, 2.5913, 0.55, 0.66, 1.0 
5.4344, 2.6209, 0.55, 0.68, 1.0 
0.545, 1.791, 0.57, 0.0, 1.0 
0.5651, 1.8191, 0.57, 0.02, 1.0 
0.5866, 1.8471, 0.57, 0.04, 1.0 
0.6096, 1.8747, 0.57, 0.06, 1.0 
0.6341, 1.9026, 0.57, 0.08, 1.0 
0.6603, 1.9309, 0.57, 0.1, 1.0 
0.6884, 1.9588, 0.57, 0.12, 1.0 
0.7187, 1.987, 0.57, 0.14, 1.0 
0.7512, 2.0148, 0.57, 0.16, 1.0 
0.7863, 2.0422, 0.57, 0.18, 1.0 
0.8242, 2.0705, 0.57, 0.2, 1.0 
0.8652, 2.0982, 0.57, 0.22, 1.0 
0.9097, 2.1261, 0.57, 0.24, 1.0 
0.9581, 2.1533, 0.57, 0.26, 1.0 
1.0109, 2.1813, 0.57, 0.28, 1.0 
1.0687, 2.2092, 0.57, 0.3, 1.0 
1.1319, 2.237, 0.57, 0.32, 1.0 
1.2015, 2.2646, 0.57, 0.34, 1.0 
1.278, 2.2918, 0.57, 0.36, 1.0 
1.3629, 2.3194, 0.57, 0.38, 1.0 
1.4572, 2.3472, 0.57, 0.4, 1.0 
1.5625, 2.3751, 0.57, 0.42, 1.0 
1.6804, 2.4029, 0.57, 0.44, 1.0 
1.8128, 2.4304, 0.57, 0.46, 1.0 
1.9628, 2.4582, 0.57, 0.48, 1.0 
2.1334, 2.486, 0.57, 0.5, 1.0 
2.3282, 2.5136, 0.57, 0.52, 1.0 
2.5539, 2.5422, 0.57, 0.54, 1.0 
2.8142, 2.5698, 0.57, 0.56, 1.0 
3.1204, 2.5984, 0.57, 0.58, 1.0 
3.4808, 2.6266, 0.57, 0.6, 1.0 
3.9117, 2.6554, 0.57, 0.62, 1.0 
4.4333, 2.6849, 0.57, 0.64, 1.0 
5.069, 2.7141, 0.57, 0.66, 1.0 
5.8571, 2.7435, 0.57, 0.68, 1.0 
0.5181, 1.854, 0.59, 0.0, 1.0 
0.538, 1.8844, 0.59, 0.02, 1.0 
0.5592, 1.9155, 0.59, 0.04, 1.0 
0.5821, 1.9459, 0.59, 0.06, 1.0 
0.6065, 1.9764, 0.59, 0.08, 1.0 
0.6328, 2.0072, 0.59, 0.1, 1.0 
0.6611, 2.0382, 0.59, 0.12, 1.0 
0.6917, 2.0682, 0.59, 0.14, 1.0 
0.7247, 2.099, 0.59, 0.16, 1.0 
0.7604, 2.1292, 0.59, 0.18, 1.0 
0.7992, 2.1596, 0.59, 0.2, 1.0 
0.8413, 2.19, 0.59, 0.22, 1.0 
0.8871, 2.2198, 0.59, 0.24, 1.0 
0.9372, 2.2502, 0.59, 0.26, 1.0 
0.992, 2.2798, 0.59, 0.28, 1.0 
1.0521, 2.3099, 0.59, 0.3, 1.0 
1.1181, 2.3391, 0.59, 0.32, 1.0 
1.191, 2.3686, 0.59, 0.34, 1.0 
1.2719, 2.3984, 0.59, 0.36, 1.0 
1.3615, 2.4276, 0.59, 0.38, 1.0 
1.4614, 2.4569, 0.59, 0.4, 1.0 
1.5733, 2.486, 0.59, 0.42, 1.0 
1.6995, 2.5157, 0.59, 0.44, 1.0 
1.8417, 2.5449, 0.59, 0.46, 1.0 
2.0026, 2.5734, 0.59, 0.48, 1.0 
2.187, 2.6026, 0.59, 0.5, 1.0 
2.3983, 2.6313, 0.59, 0.52, 1.0 
2.6439, 2.6607, 0.59, 0.54, 1.0 
2.9295, 2.6898, 0.59, 0.56, 1.0 
3.2649, 2.7188, 0.59, 0.58, 1.0 
3.6631, 2.748, 0.59, 0.6, 1.0 
4.1409, 2.7774, 0.59, 0.62, 1.0 
4.7211, 2.8072, 0.59, 0.64, 1.0 
5.4344, 2.8372, 0.59, 0.66, 1.0 
6.3225, 2.867, 0.59, 0.68, 1.0 
0.491, 1.9165, 0.61, 0.0, 1.0 
0.5105, 1.9504, 0.61, 0.02, 1.0 
0.5315, 1.984, 0.61, 0.04, 1.0 
0.5541, 2.0178, 0.61, 0.06, 1.0 
0.5784, 2.0518, 0.61, 0.08, 1.0 
0.6047, 2.0854, 0.61, 0.1, 1.0 
0.6332, 2.1185, 0.61, 0.12, 1.0 
0.6641, 2.1517, 0.61, 0.14, 1.0 
0.6975, 2.185, 0.61, 0.16, 1.0 
0.7338, 2.2183, 0.61, 0.18, 1.0 
0.7734, 2.2509, 0.61, 0.2, 1.0 
0.8166, 2.2842, 0.61, 0.22, 1.0 
0.8638, 2.3167, 0.61, 0.24, 1.0 
0.9155, 2.3489, 0.61, 0.26, 1.0 
0.9723, 2.3809, 0.61, 0.28, 1.0 
1.0348, 2.4126, 0.61, 0.3, 1.0 
1.104, 2.4445, 0.61, 0.32, 1.0 
1.1804, 2.476, 0.61, 0.34, 1.0 
1.2655, 2.5076, 0.61, 0.36, 1.0 
1.3601, 2.5384, 0.61, 0.38, 1.0 
1.4659, 2.569, 0.61, 0.4, 1.0 
1.5852, 2.6002, 0.61, 0.42, 1.0 
1.7197, 2.6309, 0.61, 0.44, 1.0 
1.8718, 2.661, 0.61, 0.46, 1.0 
2.045, 2.6909, 0.61, 0.48, 1.0 
2.2443, 2.7212, 0.61, 0.5, 1.0 
2.4744, 2.7517, 0.61, 0.52, 1.0 
2.7404, 2.7811, 0.61, 0.54, 1.0 
3.0535, 2.8115, 0.61, 0.56, 1.0 
3.4209, 2.8407, 0.61, 0.58, 1.0 
3.8605, 2.8707, 0.61, 0.6, 1.0 
4.3899, 2.9006, 0.61, 0.62, 1.0 
5.0383, 2.9314, 0.61, 0.64, 1.0 
5.8351, 2.9612, 0.61, 0.66, 1.0 
6.8398, 2.992, 0.61, 0.68, 1.0 
0.4637, 1.9795, 0.63, 0.0, 1.0 
0.4828, 2.0167, 0.63, 0.02, 1.0 
0.5035, 2.0536, 0.63, 0.04, 1.0 
0.5258, 2.0906, 0.63, 0.06, 1.0 
0.5499, 2.1278, 0.63, 0.08, 1.0 
0.5762, 2.1644, 0.63, 0.1, 1.0 
0.6047, 2.2011, 0.63, 0.12, 1.0 
0.6358, 2.2371, 0.63, 0.14, 1.0 
0.6696, 2.2738, 0.63, 0.16, 1.0 
0.7065, 2.3097, 0.63, 0.18, 1.0 
0.7469, 2.3454, 0.63, 0.2, 1.0 
0.7912, 2.3802, 0.63, 0.22, 1.0 
0.8398, 2.4155, 0.63, 0.24, 1.0 
0.8932, 2.4504, 0.63, 0.26, 1.0 
0.9521, 2.4848, 0.63, 0.28, 1.0 
1.0172, 2.5187, 0.63, 0.3, 1.0 
1.0894, 2.5529, 0.63, 0.32, 1.0 
1.1696, 2.5862, 0.63, 0.34, 1.0 
1.2588, 2.6187, 0.63, 0.36, 1.0 
1.3589, 2.6518, 0.63, 0.38, 1.0 
1.471, 2.6838, 0.63, 0.4, 1.0 
1.5977, 2.7161, 0.63, 0.42, 1.0 
1.7414, 2.7485, 0.63, 0.44, 1.0 
1.9047, 2.78, 0.63, 0.46, 1.0 
2.0913, 2.8112, 0.63, 0.48, 1.0 
2.3056, 2.8418, 0.63, 0.5, 1.0 
2.555, 2.8731, 0.63, 0.52, 1.0 
2.8456, 2.9039, 0.63, 0.54, 1.0 
3.1857, 2.9338, 0.63, 0.56, 1.0 
3.5915, 2.9648, 0.63, 0.58, 1.0 
4.0769, 2.9953, 0.63, 0.6, 1.0 
4.6638, 3.0257, 0.63, 0.62, 1.0 
5.3818, 3.0557, 0.63, 0.64, 1.0 
6.275, 3.086, 0.63, 0.66, 1.0 
7.4059, 3.117, 0.63, 0.68, 1.0 
0.4363, 2.0425, 0.65, 0.0, 1.0 
0.455, 2.0829, 0.65, 0.02, 1.0 
0.4752, 2.1239, 0.65, 0.04, 1.0 
0.4972, 2.1645, 0.65, 0.06, 1.0 
0.5211, 2.2051, 0.65, 0.08, 1.0 
0.5473, 2.245, 0.65, 0.1, 1.0 
0.5759, 2.2849, 0.65, 0.12, 1.0 
0.6071, 2.3247, 0.65, 0.14, 1.0 
0.6413, 2.3643, 0.65, 0.16, 1.0 
0.6788, 2.4029, 0.65, 0.18, 1.0 
0.72, 2.4419, 0.65, 0.2, 1.0 
0.7653, 2.4798, 0.65, 0.22, 1.0 
0.8152, 2.5179, 0.65, 0.24, 1.0 
0.8704, 2.5548, 0.65, 0.26, 1.0 
0.9315, 2.5917, 0.65, 0.28, 1.0 
0.9992, 2.6279, 0.65, 0.3, 1.0 
1.0745, 2.6633, 0.65, 0.32, 1.0 
1.1585, 2.6985, 0.65, 0.34, 1.0 
1.2526, 2.7334, 0.65, 0.36, 1.0 
1.3583, 2.768, 0.65, 0.38, 1.0 
1.4773, 2.8019, 0.65, 0.4, 1.0 
1.6119, 2.8352, 0.65, 0.42, 1.0 
1.7646, 2.8675, 0.65, 0.44, 1.0 
1.9395, 2.9004, 0.65, 0.46, 1.0 
2.1403, 2.9327, 0.65, 0.48, 1.0 
2.3718, 2.9642, 0.65, 0.5, 1.0 
2.6419, 2.9962, 0.65, 0.52, 1.0 
2.9576, 3.0274, 0.65, 0.54, 1.0 
3.3302, 3.0583, 0.65, 0.56, 1.0 
3.7743, 3.0892, 0.65, 0.58, 1.0 
4.3096, 3.1203, 0.65, 0.6, 1.0 
4.9594, 3.1508, 0.65, 0.62, 1.0 
5.7609, 3.1816, 0.65, 0.64, 1.0 
6.7624, 3.2123, 0.65, 0.66, 1.0 
8.0359, 3.2432, 0.65, 0.68, 1.0 
0.409, 2.105, 0.67, 0.0, 1.0 
0.427, 2.1499, 0.67, 0.02, 1.0 
0.4467, 2.195, 0.67, 0.04, 1.0 
0.4683, 2.2395, 0.67, 0.06, 1.0 
0.492, 2.2839, 0.67, 0.08, 1.0 
0.518, 2.3276, 0.67, 0.1, 1.0 
0.5465, 2.3716, 0.67, 0.12, 1.0 
0.5779, 2.4147, 0.67, 0.14, 1.0 
0.6125, 2.4574, 0.67, 0.16, 1.0 
0.6506, 2.4997, 0.67, 0.18, 1.0 
0.6926, 2.5414, 0.67, 0.2, 1.0 
0.739, 2.5825, 0.67, 0.22, 1.0 
0.7904, 2.6228, 0.67, 0.24, 1.0 
0.8474, 2.6624, 0.67, 0.26, 1.0 
0.9107, 2.7018, 0.67, 0.28, 1.0 
0.9812, 2.7403, 0.67, 0.3, 1.0 
1.0599, 2.7776, 0.67, 0.32, 1.0 
1.148, 2.8146, 0.67, 0.34, 1.0 
1.247, 2.851, 0.67, 0.36, 1.0 
1.3585, 2.8868, 0.67, 0.38, 1.0 
1.4845, 2.9218, 0.67, 0.4, 1.0 
1.6275, 2.9559, 0.67, 0.42, 1.0 
1.7906, 2.9896, 0.67, 0.44, 1.0 
1.9782, 3.0237, 0.67, 0.46, 1.0 
2.1935, 3.0561, 0.67, 0.48, 1.0 
2.4433, 3.0883, 0.67, 0.5, 1.0 
2.7358, 3.1208, 0.67, 0.52, 1.0 
3.0788, 3.1523, 0.67, 0.54, 1.0 
3.4866, 3.1841, 0.67, 0.56, 1.0 
3.9726, 3.2148, 0.67, 0.58, 1.0 
4.5627, 3.2462, 0.67, 0.6, 1.0 
5.2819, 3.2768, 0.67, 0.62, 1.0 
6.1723, 3.3073, 0.67, 0.64, 1.0 
7.2937, 3.3383, 0.67, 0.66, 1.0 
8.7262, 3.3692, 0.67, 0.68, 1.0 
0.3816, 2.168, 0.69, 0.0, 1.0 
0.399, 2.2175, 0.69, 0.02, 1.0 
0.4182, 2.2665, 0.69, 0.04, 1.0 
0.4393, 2.3159, 0.69, 0.06, 1.0 
0.4627, 2.3646, 0.69, 0.08, 1.0 
0.4885, 2.4129, 0.69, 0.1, 1.0 
0.5171, 2.4602, 0.69, 0.12, 1.0 
0.5485, 2.5076, 0.69, 0.14, 1.0 
0.5835, 2.5536, 0.69, 0.16, 1.0 
0.6221, 2.5997, 0.69, 0.18, 1.0 
0.665, 2.6442, 0.69, 0.2, 1.0 
0.7125, 2.6886, 0.69, 0.22, 1.0 
0.7654, 2.7311, 0.69, 0.24, 1.0 
0.8243, 2.7734, 0.69, 0.26, 1.0 
0.8899, 2.8153, 0.69, 0.28, 1.0 
0.9633, 2.8551, 0.69, 0.3, 1.0 
1.0456, 2.8952, 0.69, 0.32, 1.0 
1.138, 2.9338, 0.69, 0.34, 1.0 
1.2419, 2.9707, 0.69, 0.36, 1.0 
1.3596, 3.0075, 0.69, 0.38, 1.0 
1.4933, 3.0443, 0.69, 0.4, 1.0 
1.6456, 3.0798, 0.69, 0.42, 1.0 
1.8194, 3.1138, 0.69, 0.44, 1.0 
2.0198, 3.148, 0.69, 0.46, 1.0 
2.2513, 3.1812, 0.69, 0.48, 1.0 
2.5219, 3.2148, 0.69, 0.5, 1.0 
2.8374, 3.2468, 0.69, 0.52, 1.0 
3.21, 3.2784, 0.69, 0.54, 1.0 
3.6544, 3.31, 0.69, 0.56, 1.0 
4.1901, 3.342, 0.69, 0.58, 1.0 
4.8382, 3.3728, 0.69, 0.6, 1.0 
5.6338, 3.4034, 0.69, 0.62, 1.0 
6.6268, 3.4344, 0.69, 0.64, 1.0 
7.878, 3.4647, 0.69, 0.66, 1.0 
9.4887, 3.4955, 0.69, 0.68, 1.0 
0.3543, 2.231, 0.71, 0.0, 1.0 
0.3711, 2.2851, 0.71, 0.02, 1.0 
0.3896, 2.3396, 0.71, 0.04, 1.0 
0.4102, 2.394, 0.71, 0.06, 1.0 
0.4332, 2.4474, 0.71, 0.08, 1.0 
0.4588, 2.5002, 0.71, 0.1, 1.0 
0.4873, 2.5524, 0.71, 0.12, 1.0 
0.519, 2.6037, 0.71, 0.14, 1.0 
0.5542, 2.6541, 0.71, 0.16, 1.0 
0.5935, 2.7035, 0.71, 0.18, 1.0 
0.6372, 2.7517, 0.71, 0.2, 1.0 
0.686, 2.7986, 0.71, 0.22, 1.0 
0.7405, 2.8441, 0.71, 0.24, 1.0 
0.8014, 2.8882, 0.71, 0.26, 1.0 
0.8695, 2.9316, 0.71, 0.28, 1.0 
0.9459, 2.9742, 0.71, 0.3, 1.0 
1.0319, 3.0152, 0.71, 0.32, 1.0 
1.1288, 3.0551, 0.71, 0.34, 1.0 
1.2383, 3.0941, 0.71, 0.36, 1.0 
1.3625, 3.1318, 0.71, 0.38, 1.0 
1.5041, 3.1692, 0.71, 0.4, 1.0 
1.6658, 3.205, 0.71, 0.42, 1.0 
1.8514, 3.2401, 0.71, 0.44, 1.0 
2.0663, 3.2751, 0.71, 0.46, 1.0 
2.3153, 3.3088, 0.71, 0.48, 1.0 
2.6062, 3.3419, 0.71, 0.5, 1.0 
2.9477, 3.374, 0.71, 0.52, 1.0 
3.3539, 3.4064, 0.71, 0.54, 1.0 
3.8383, 3.4377, 0.71, 0.56, 1.0 
4.4242, 3.4692, 0.71, 0.58, 1.0 
5.1381, 3.5001, 0.71, 0.6, 1.0 
6.018, 3.5305, 0.71, 0.62, 1.0 
7.1205, 3.5611, 0.71, 0.64, 1.0 
8.5261, 3.5923, 0.71, 0.66, 1.0 
10.3381, 3.6228, 0.71, 0.68, 1.0 
0.3272, 2.2935, 0.73, 0.0, 1.0 
0.3431, 2.3539, 0.73, 0.02, 1.0 
0.361, 2.4142, 0.73, 0.04, 1.0 
0.3811, 2.4741, 0.73, 0.06, 1.0 
0.4038, 2.5327, 0.73, 0.08, 1.0 
0.4292, 2.5905, 0.73, 0.1, 1.0 
0.4575, 2.648, 0.73, 0.12, 1.0 
0.4894, 2.7036, 0.73, 0.14, 1.0 
0.5251, 2.7578, 0.73, 0.16, 1.0 
0.565, 2.8105, 0.73, 0.18, 1.0 
0.6097, 2.8624, 0.73, 0.2, 1.0 
0.6598, 2.9118, 0.73, 0.22, 1.0 
0.7159, 2.9603, 0.73, 0.24, 1.0 
0.7789, 3.0078, 0.73, 0.26, 1.0 
0.8497, 3.0525, 0.73, 0.28, 1.0 
0.9294, 3.097, 0.73, 0.3, 1.0 
1.0193, 3.1394, 0.73, 0.32, 1.0 
1.1209, 3.1805, 0.73, 0.34, 1.0 
1.2362, 3.2203, 0.73, 0.36, 1.0 
1.3674, 3.2587, 0.73, 0.38, 1.0 
1.5173, 3.2964, 0.73, 0.4, 1.0 
1.6894, 3.3333, 0.73, 0.42, 1.0 
1.8872, 3.3682, 0.73, 0.44, 1.0 
2.1167, 3.4029, 0.73, 0.46, 1.0 
2.3843, 3.437, 0.73, 0.48, 1.0 
2.698, 3.4702, 0.73, 0.5, 1.0 
3.0675, 3.5022, 0.73, 0.52, 1.0 
3.5084, 3.5344, 0.73, 0.54, 1.0 
4.038, 3.5661, 0.73, 0.56, 1.0 
4.6785, 3.597, 0.73, 0.58, 1.0 
5.4647, 3.6278, 0.73, 0.6, 1.0 
6.4377, 3.658, 0.73, 0.62, 1.0 
7.6662, 3.6888, 0.73, 0.64, 1.0 
9.2336, 3.7193, 0.73, 0.66, 1.0 
11.2699, 3.7495, 0.73, 0.68, 1.0 
0.3002, 2.3565, 0.75, 0.0, 1.0 
0.3153, 2.4236, 0.75, 0.02, 1.0 
0.3325, 2.4904, 0.75, 0.04, 1.0 
0.3522, 2.5559, 0.75, 0.06, 1.0 
0.3744, 2.6211, 0.75, 0.08, 1.0 
0.3995, 2.6852, 0.75, 0.1, 1.0 
0.428, 2.747, 0.75, 0.12, 1.0 
0.46, 2.8079, 0.75, 0.14, 1.0 
0.4962, 2.866, 0.75, 0.16, 1.0 
0.5368, 2.923, 0.75, 0.18, 1.0 
0.5825, 2.9779, 0.75, 0.2, 1.0 
0.634, 3.0305, 0.75, 0.22, 1.0 
0.6919, 3.0818, 0.75, 0.24, 1.0 
0.7572, 3.1308, 0.75, 0.26, 1.0 
0.8307, 3.1774, 0.75, 0.28, 1.0 
0.9138, 3.2225, 0.75, 0.3, 1.0 
1.0078, 3.266, 0.75, 0.32, 1.0 
1.1145, 3.3081, 0.75, 0.34, 1.0 
1.2361, 3.3494, 0.75, 0.36, 1.0 
1.3745, 3.388, 0.75, 0.38, 1.0 
1.5333, 3.4258, 0.75, 0.4, 1.0 
1.716, 3.4625, 0.75, 0.42, 1.0 
1.9272, 3.498, 0.75, 0.44, 1.0 
2.1731, 3.533, 0.75, 0.46, 1.0 
2.4598, 3.5663, 0.75, 0.48, 1.0 
2.798, 3.5995, 0.75, 0.5, 1.0 
3.1976, 3.6313, 0.75, 0.52, 1.0 
3.6761, 3.6631, 0.75, 0.54, 1.0 
4.2527, 3.6943, 0.75, 0.56, 1.0 
4.9551, 3.7252, 0.75, 0.58, 1.0 
5.8206, 3.7559, 0.75, 0.6, 1.0 
6.9002, 3.7865, 0.75, 0.62, 1.0 
8.2593, 3.816, 0.75, 0.64, 1.0 
10.0121, 3.8464, 0.75, 0.66, 1.0 
12.3082, 3.877, 0.75, 0.68, 1.0 
0.2734, 2.4195, 0.77, 0.0, 1.0 
0.2876, 2.4943, 0.77, 0.02, 1.0 
0.3043, 2.568, 0.77, 0.04, 1.0 
0.3233, 2.6414, 0.77, 0.06, 1.0 
0.3451, 2.7133, 0.77, 0.08, 1.0 
0.3701, 2.7835, 0.77, 0.1, 1.0 
0.3985, 2.8516, 0.77, 0.12, 1.0 
0.4309, 2.9173, 0.77, 0.14, 1.0 
0.4675, 2.9804, 0.77, 0.16, 1.0 
0.5091, 3.0409, 0.77, 0.18, 1.0 
0.556, 3.0985, 0.77, 0.2, 1.0 
0.609, 3.1543, 0.77, 0.22, 1.0 
0.6689, 3.2071, 0.77, 0.24, 1.0 
0.7365, 3.2582, 0.77, 0.26, 1.0 
0.8131, 3.3063, 0.77, 0.28, 1.0 
0.8998, 3.3526, 0.77, 0.3, 1.0 
0.9982, 3.397, 0.77, 0.32, 1.0 
1.1102, 3.4395, 0.77, 0.34, 1.0 
1.238, 3.4801, 0.77, 0.36, 1.0 
1.3845, 3.5197, 0.77, 0.38, 1.0 
1.5525, 3.5572, 0.77, 0.4, 1.0 
1.7471, 3.5944, 0.77, 0.42, 1.0 
1.972, 3.6292, 0.77, 0.44, 1.0 
2.2345, 3.6634, 0.77, 0.46, 1.0 
2.5425, 3.6967, 0.77, 0.48, 1.0 
2.9069, 3.7297, 0.77, 0.5, 1.0 
3.3407, 3.762, 0.77, 0.52, 1.0 
3.86, 3.7932, 0.77, 0.54, 1.0 
4.4881, 3.8237, 0.77, 0.56, 1.0 
5.2586, 3.8546, 0.77, 0.58, 1.0 
6.2082, 3.8843, 0.77, 0.6, 1.0 
7.4012, 3.9144, 0.77, 0.62, 1.0 
8.9147, 3.9441, 0.77, 0.64, 1.0 
10.8686, 3.9736, 0.77, 0.66, 1.0 
13.4476, 4.0039, 0.77, 0.68, 1.0 
0.2471, 2.482, 0.79, 0.0, 1.0 
0.2604, 2.5658, 0.79, 0.02, 1.0 
0.2762, 2.6489, 0.79, 0.04, 1.0 
0.2947, 2.7305, 0.79, 0.06, 1.0 
0.3162, 2.8101, 0.79, 0.08, 1.0 
0.3411, 2.8871, 0.79, 0.1, 1.0 
0.3697, 2.9611, 0.79, 0.12, 1.0 
0.4023, 3.0328, 0.79, 0.14, 1.0 
0.4397, 3.1001, 0.79, 0.16, 1.0 
0.4821, 3.1647, 0.79, 0.18, 1.0 
0.5303, 3.2258, 0.79, 0.2, 1.0 
0.585, 3.2834, 0.79, 0.22, 1.0 
0.647, 3.3384, 0.79, 0.24, 1.0 
0.7173, 3.3901, 0.79, 0.26, 1.0 
0.797, 3.4393, 0.79, 0.28, 1.0 
0.8875, 3.4864, 0.79, 0.3, 1.0 
0.9907, 3.5312, 0.79, 0.32, 1.0 
1.1083, 3.5738, 0.79, 0.34, 1.0 
1.2429, 3.6142, 0.79, 0.36, 1.0 
1.3975, 3.6534, 0.79, 0.38, 1.0 
1.5754, 3.6903, 0.79, 0.4, 1.0 
1.7819, 3.7268, 0.79, 0.42, 1.0 
2.022, 3.7617, 0.79, 0.44, 1.0 
2.3031, 3.7958, 0.79, 0.46, 1.0 
2.634, 3.8288, 0.79, 0.48, 1.0 
3.0255, 3.8605, 0.79, 0.5, 1.0 
3.4944, 3.8923, 0.79, 0.52, 1.0 
4.0577, 3.9229, 0.79, 0.54, 1.0 
4.7437, 3.9534, 0.79, 0.56, 1.0 
5.5854, 3.9833, 0.79, 0.58, 1.0 
6.6304, 4.0127, 0.79, 0.6, 1.0 
7.9483, 4.0425, 0.79, 0.62, 1.0 
9.6332, 4.0722, 0.79, 0.64, 1.0 
11.8189, 4.1016, 0.79, 0.66, 1.0 
14.7073, 4.1307, 0.79, 0.68, 1.0 
0.2209, 2.545, 0.81, 0.0, 1.0 
0.2334, 2.6397, 0.81, 0.02, 1.0 
0.2485, 2.7332, 0.81, 0.04, 1.0 
0.2664, 2.8245, 0.81, 0.06, 1.0 
0.2877, 2.9128, 0.81, 0.08, 1.0 
0.3124, 2.9982, 0.81, 0.1, 1.0 
0.3413, 3.0786, 0.81, 0.12, 1.0 
0.3745, 3.1554, 0.81, 0.14, 1.0 
0.4128, 3.2267, 0.81, 0.16, 1.0 
0.4564, 3.2943, 0.81, 0.18, 1.0 
0.506, 3.3584, 0.81, 0.2, 1.0 
0.5625, 3.4182, 0.81, 0.22, 1.0 
0.6268, 3.4739, 0.81, 0.24, 1.0 
0.6998, 3.5265, 0.81, 0.26, 1.0 
0.7828, 3.5764, 0.81, 0.28, 1.0 
0.8775, 3.6237, 0.81, 0.3, 1.0 
0.9854, 3.6673, 0.81, 0.32, 1.0 
1.1089, 3.7096, 0.81, 0.34, 1.0 
1.2508, 3.7505, 0.81, 0.36, 1.0 
1.4141, 3.7889, 0.81, 0.38, 1.0 
1.6024, 3.8249, 0.81, 0.4, 1.0 
1.8215, 3.8604, 0.81, 0.42, 1.0 
2.0776, 3.8951, 0.81, 0.44, 1.0 
2.3777, 3.928, 0.81, 0.46, 1.0 
2.7329, 3.9606, 0.81, 0.48, 1.0 
3.1546, 3.9918, 0.81, 0.5, 1.0 
3.6612, 4.023, 0.81, 0.52, 1.0 
4.272, 4.0527, 0.81, 0.54, 1.0 
5.0183, 4.0824, 0.81, 0.56, 1.0 
5.9406, 4.1122, 0.81, 0.58, 1.0 
7.0901, 4.1413, 0.81, 0.6, 1.0 
8.5456, 4.1705, 0.81, 0.62, 1.0 
10.4143, 4.1995, 0.81, 0.64, 1.0 
12.8566, 4.2288, 0.81, 0.66, 1.0 
16.1108, 4.2582, 0.81, 0.68, 1.0 
0.1952, 2.608, 0.83, 0.0, 1.0 
0.2067, 2.7159, 0.83, 0.02, 1.0 
0.2211, 2.822, 0.83, 0.04, 1.0 
0.2387, 2.9247, 0.83, 0.06, 1.0 
0.2598, 3.023, 0.83, 0.08, 1.0 
0.2847, 3.1167, 0.83, 0.1, 1.0 
0.3139, 3.2046, 0.83, 0.12, 1.0 
0.348, 3.2854, 0.83, 0.14, 1.0 
0.387, 3.3623, 0.83, 0.16, 1.0 
0.4319, 3.4322, 0.83, 0.18, 1.0 
0.4832, 3.4977, 0.83, 0.2, 1.0 
0.5417, 3.5591, 0.83, 0.22, 1.0 
0.6084, 3.6156, 0.83, 0.24, 1.0 
0.6844, 3.6675, 0.83, 0.26, 1.0 
0.771, 3.7174, 0.83, 0.28, 1.0 
0.8698, 3.7632, 0.83, 0.3, 1.0 
0.983, 3.8073, 0.83, 0.32, 1.0 
1.1127, 3.8487, 0.83, 0.34, 1.0 
1.2618, 3.8876, 0.83, 0.36, 1.0 
1.4341, 3.9249, 0.83, 0.38, 1.0 
1.6343, 3.9618, 0.83, 0.4, 1.0 
1.8668, 3.9959, 0.83, 0.42, 1.0 
2.1394, 4.0293, 0.83, 0.44, 1.0 
2.4606, 4.0617, 0.83, 0.46, 1.0 
2.8408, 4.0928, 0.83, 0.48, 1.0 
3.2948, 4.1234, 0.83, 0.5, 1.0 
3.8422, 4.1538, 0.83, 0.52, 1.0 
4.5067, 4.1836, 0.83, 0.54, 1.0 
5.319, 4.2123, 0.83, 0.56, 1.0 
6.3262, 4.241, 0.83, 0.58, 1.0 
7.5904, 4.2698, 0.83, 0.6, 1.0 
9.1978, 4.2985, 0.83, 0.62, 1.0 
11.277, 4.3276, 0.83, 0.64, 1.0 
13.9984, 4.3559, 0.83, 0.66, 1.0 
17.6516, 4.385, 0.83, 0.68, 1.0 
0.1701, 2.6705, 0.85, 0.0, 1.0 
0.1807, 2.7947, 0.85, 0.02, 1.0 
0.1944, 2.9161, 0.85, 0.04, 1.0 
0.2115, 3.0333, 0.85, 0.06, 1.0 
0.2327, 3.1428, 0.85, 0.08, 1.0 
0.2579, 3.2455, 0.85, 0.1, 1.0 
0.2878, 3.3399, 0.85, 0.12, 1.0 
0.3227, 3.4262, 0.85, 0.14, 1.0 
0.3629, 3.5059, 0.85, 0.16, 1.0 
0.4093, 3.5783, 0.85, 0.18, 1.0 
0.4625, 3.644, 0.85, 0.2, 1.0 
0.5232, 3.7048, 0.85, 0.22, 1.0 
0.5925, 3.7613, 0.85, 0.24, 1.0 
0.6715, 3.8128, 0.85, 0.26, 1.0 
0.7619, 3.8618, 0.85, 0.28, 1.0 
0.8652, 3.9066, 0.85, 0.3, 1.0 
0.9837, 3.9496, 0.85, 0.32, 1.0 
1.12, 3.9897, 0.85, 0.34, 1.0 
1.2769, 4.0272, 0.85, 0.36, 1.0 
1.4587, 4.0631, 0.85, 0.38, 1.0 
1.6705, 4.0985, 0.85, 0.4, 1.0 
1.9171, 4.1311, 0.85, 0.42, 1.0 
2.2078, 4.164, 0.85, 0.44, 1.0 
2.5503, 4.1948, 0.85, 0.46, 1.0 
2.9582, 4.2253, 0.85, 0.48, 1.0 
3.447, 4.255, 0.85, 0.5, 1.0 
4.0382, 4.2847, 0.85, 0.52, 1.0 
4.7584, 4.3136, 0.85, 0.54, 1.0 
5.6449, 4.3422, 0.85, 0.56, 1.0 
6.7486, 4.3707, 0.85, 0.58, 1.0 
8.1348, 4.3982, 0.85, 0.6, 1.0 
9.9095, 4.4263, 0.85, 0.62, 1.0 
12.2146, 4.4548, 0.85, 0.64, 1.0 
15.2546, 4.4829, 0.85, 0.66, 1.0 
19.3552, 4.5116, 0.85, 0.68, 1.0 
0.1454, 2.7335, 0.87, 0.0, 1.0 
0.155, 2.8789, 0.87, 0.02, 1.0 
0.1682, 3.0198, 0.87, 0.04, 1.0 
0.1852, 3.1534, 0.87, 0.06, 1.0 
0.2066, 3.2755, 0.87, 0.08, 1.0 
0.2325, 3.3873, 0.87, 0.1, 1.0 
0.2631, 3.4888, 0.87, 0.12, 1.0 
0.2992, 3.5783, 0.87, 0.14, 1.0 
0.3409, 3.6593, 0.87, 0.16, 1.0 
0.3889, 3.7328, 0.87, 0.18, 1.0 
0.4441, 3.7986, 0.87, 0.2, 1.0 
0.5071, 3.8576, 0.87, 0.22, 1.0 
0.5792, 3.9119, 0.87, 0.24, 1.0 
0.6615, 3.9631, 0.87, 0.26, 1.0 
0.7558, 4.0095, 0.87, 0.28, 1.0 
0.8637, 4.0526, 0.87, 0.3, 1.0 
0.9877, 4.0927, 0.87, 0.32, 1.0 
1.1306, 4.1311, 0.87, 0.34, 1.0 
1.2961, 4.1679, 0.87, 0.36, 1.0 
1.4878, 4.2021, 0.87, 0.38, 1.0 
1.7117, 4.2358, 0.87, 0.4, 1.0 
1.9739, 4.2677, 0.87, 0.42, 1.0 
2.2831, 4.2989, 0.87, 0.44, 1.0 
2.6495, 4.3289, 0.87, 0.46, 1.0 
3.0873, 4.3586, 0.87, 0.48, 1.0 
3.6136, 4.3876, 0.87, 0.5, 1.0 
4.2503, 4.4155, 0.87, 0.52, 1.0 
5.0307, 4.4435, 0.87, 0.54, 1.0 
5.9946, 4.4711, 0.87, 0.56, 1.0 
7.2029, 4.4993, 0.87, 0.58, 1.0 
8.7269, 4.5265, 0.87, 0.6, 1.0 
10.6926, 4.5549, 0.87, 0.62, 1.0 
13.2498, 4.5826, 0.87, 0.64, 1.0 
16.6475, 4.6106, 0.87, 0.66, 1.0 
21.2531, 4.6388, 0.87, 0.68, 1.0 
0.1212, 2.7965, 0.89, 0.0, 1.0 
0.1299, 2.9704, 0.89, 0.02, 1.0 
0.1427, 3.1363, 0.89, 0.04, 1.0 
0.1599, 3.2896, 0.89, 0.06, 1.0 
0.1818, 3.4265, 0.89, 0.08, 1.0 
0.2086, 3.5467, 0.89, 0.1, 1.0 
0.2406, 3.6511, 0.89, 0.12, 1.0 
0.278, 3.7431, 0.89, 0.14, 1.0 
0.3213, 3.8246, 0.89, 0.16, 1.0 
0.3713, 3.8947, 0.89, 0.18, 1.0 
0.4285, 3.9589, 0.89, 0.2, 1.0 
0.494, 4.0159, 0.89, 0.22, 1.0 
0.5689, 4.0678, 0.89, 0.24, 1.0 
0.6547, 4.1156, 0.89, 0.26, 1.0 
0.7529, 4.1596, 0.89, 0.28, 1.0 
0.8657, 4.2004, 0.89, 0.3, 1.0 
0.9955, 4.2383, 0.89, 0.32, 1.0 
1.1455, 4.2746, 0.89, 0.34, 1.0 
1.3191, 4.3083, 0.89, 0.36, 1.0 
1.5216, 4.3416, 0.89, 0.38, 1.0 
1.7584, 4.3733, 0.89, 0.4, 1.0 
2.0362, 4.4035, 0.89, 0.42, 1.0 
2.3657, 4.4338, 0.89, 0.44, 1.0 
2.7562, 4.4621, 0.89, 0.46, 1.0 
3.2257, 4.491, 0.89, 0.48, 1.0 
3.7921, 4.5191, 0.89, 0.5, 1.0 
4.4795, 4.5461, 0.89, 0.52, 1.0 
5.3278, 4.5741, 0.89, 0.54, 1.0 
6.3763, 4.6007, 0.89, 0.56, 1.0 
7.6954, 4.6278, 0.89, 0.58, 1.0 
9.3761, 4.6554, 0.89, 0.6, 1.0 
11.5401, 4.6824, 0.89, 0.62, 1.0 
14.3746, 4.7095, 0.89, 0.64, 1.0 
18.1687, 4.7374, 0.89, 0.66, 1.0 
23.3371, 4.7652, 0.89, 0.68, 1.0 
0.0977, 2.859, 0.91, 0.0, 1.0 
0.1056, 3.0728, 0.91, 0.02, 1.0 
0.1183, 3.2728, 0.91, 0.04, 1.0 
0.136, 3.4492, 0.91, 0.06, 1.0 
0.159, 3.5994, 0.91, 0.08, 1.0 
0.1872, 3.7251, 0.91, 0.1, 1.0 
0.2206, 3.8317, 0.91, 0.12, 1.0 
0.2597, 3.9215, 0.91, 0.14, 1.0 
0.3048, 3.9992, 0.91, 0.16, 1.0 
0.3567, 4.0661, 0.91, 0.18, 1.0 
0.4162, 4.1255, 0.91, 0.2, 1.0 
0.4842, 4.1789, 0.91, 0.22, 1.0 
0.562, 4.2261, 0.91, 0.24, 1.0 
0.6512, 4.2706, 0.91, 0.26, 1.0 
0.7534, 4.3104, 0.91, 0.28, 1.0 
0.8711, 4.3484, 0.91, 0.3, 1.0 
1.0071, 4.3848, 0.91, 0.32, 1.0 
1.1641, 4.4175, 0.91, 0.34, 1.0 
1.347, 4.45, 0.91, 0.36, 1.0 
1.5604, 4.4812, 0.91, 0.38, 1.0 
1.8105, 4.5109, 0.91, 0.4, 1.0 
2.1058, 4.5401, 0.91, 0.42, 1.0 
2.4559, 4.5685, 0.91, 0.44, 1.0 
2.8734, 4.596, 0.91, 0.46, 1.0 
3.3754, 4.6231, 0.91, 0.48, 1.0 
3.9847, 4.6504, 0.91, 0.5, 1.0 
4.7267, 4.6765, 0.91, 0.52, 1.0 
5.6455, 4.7035, 0.91, 0.54, 1.0 
6.7892, 4.73, 0.91, 0.56, 1.0 
8.2289, 4.756, 0.91, 0.58, 1.0 
10.076, 4.7833, 0.91, 0.6, 1.0 
12.4643, 4.8098, 0.91, 0.62, 1.0 
15.6158, 4.8369, 0.91, 0.64, 1.0 
19.842, 4.864, 0.91, 0.66, 1.0 
25.6588, 4.8922, 0.91, 0.68, 1.0 
0.0747, 2.922, 0.93, 0.0, 1.0 
0.082, 3.1971, 0.93, 0.02, 1.0 
0.0952, 3.4423, 0.93, 0.04, 1.0 
0.1144, 3.6416, 0.93, 0.06, 1.0 
0.1388, 3.8023, 0.93, 0.08, 1.0 
0.1687, 3.9275, 0.93, 0.1, 1.0 
0.2039, 4.0291, 0.93, 0.12, 1.0 
0.2447, 4.1135, 0.93, 0.14, 1.0 
0.2918, 4.1837, 0.93, 0.16, 1.0 
0.3456, 4.2446, 0.93, 0.18, 1.0 
0.4073, 4.2971, 0.93, 0.2, 1.0 
0.4779, 4.3454, 0.93, 0.22, 1.0 
0.5587, 4.3881, 0.93, 0.24, 1.0 
0.6513, 4.4272, 0.93, 0.26, 1.0 
0.7577, 4.4634, 0.93, 0.28, 1.0 
0.8806, 4.4981, 0.93, 0.3, 1.0 
1.0225, 4.5305, 0.93, 0.32, 1.0 
1.1873, 4.5616, 0.93, 0.34, 1.0 
1.3794, 4.5917, 0.93, 0.36, 1.0 
1.6042, 4.6205, 0.93, 0.38, 1.0 
1.8684, 4.6482, 0.93, 0.4, 1.0 
2.1811, 4.6754, 0.93, 0.42, 1.0 
2.5541, 4.7029, 0.93, 0.44, 1.0 
2.9989, 4.7285, 0.93, 0.46, 1.0 
3.537, 4.7548, 0.93, 0.48, 1.0 
4.1922, 4.7812, 0.93, 0.5, 1.0 
4.9957, 4.8074, 0.93, 0.52, 1.0 
5.9882, 4.8326, 0.93, 0.54, 1.0 
7.2352, 4.859, 0.93, 0.56, 1.0 
8.8118, 4.8848, 0.93, 0.58, 1.0 
10.8362, 4.9109, 0.93, 0.6, 1.0 
13.4717, 4.937, 0.93, 0.62, 1.0 
16.9643, 4.9635, 0.93, 0.64, 1.0 
21.6967, 4.9912, 0.93, 0.66, 1.0 
28.2083, 5.0184, 0.93, 0.68, 1.0 
0.0524, 2.985, 0.95, 0.0, 1.0 
0.0596, 3.3647, 0.95, 0.02, 1.0 
0.0744, 3.6673, 0.95, 0.04, 1.0 
0.0956, 3.8855, 0.95, 0.06, 1.0 
0.1223, 4.0425, 0.95, 0.08, 1.0 
0.1541, 4.1577, 0.95, 0.1, 1.0 
0.1911, 4.2458, 0.95, 0.12, 1.0 
0.2337, 4.3174, 0.95, 0.14, 1.0 
0.2826, 4.3761, 0.95, 0.16, 1.0 
0.3384, 4.4284, 0.95, 0.18, 1.0 
0.4023, 4.4735, 0.95, 0.2, 1.0 
0.4752, 4.5128, 0.95, 0.22, 1.0 
0.559, 4.5501, 0.95, 0.24, 1.0 
0.6551, 4.5846, 0.95, 0.26, 1.0 
0.7658, 4.6167, 0.95, 0.28, 1.0 
0.8938, 4.6478, 0.95, 0.3, 1.0 
1.0421, 4.677, 0.95, 0.32, 1.0 
1.2147, 4.7054, 0.95, 0.34, 1.0 
1.416, 4.7318, 0.95, 0.36, 1.0 
1.6533, 4.7594, 0.95, 0.38, 1.0 
1.9322, 4.7849, 0.95, 0.4, 1.0 
2.2642, 4.8111, 0.95, 0.42, 1.0 
2.6604, 4.8368, 0.95, 0.44, 1.0 
3.1357, 4.8616, 0.95, 0.46, 1.0 
3.7126, 4.887, 0.95, 0.48, 1.0 
4.4154, 4.9117, 0.95, 0.5, 1.0 
5.2825, 4.937, 0.95, 0.52, 1.0 
6.3573, 4.9614, 0.95, 0.54, 1.0 
7.7124, 4.9869, 0.95, 0.56, 1.0 
9.4374, 5.0126, 0.95, 0.58, 1.0 
11.6616, 5.0383, 0.95, 0.6, 1.0 
14.5697, 5.064, 0.95, 0.62, 1.0 
18.4519, 5.0907, 0.95, 0.64, 1.0 
23.7223, 5.1176, 0.95, 0.66, 1.0 
31.0276, 5.1445, 0.95, 0.68, 1.0 
0.031, 3.0475, 0.97, 0.0, 1.0 
0.0392, 3.6373, 0.97, 0.02, 1.0 
0.0572, 3.9952, 0.97, 0.04, 1.0 
0.0814, 4.1958, 0.97, 0.06, 1.0 
0.1104, 4.3226, 0.97, 0.08, 1.0 
0.1442, 4.4099, 0.97, 0.1, 1.0 
0.1829, 4.4769, 0.97, 0.12, 1.0 
0.2271, 4.5298, 0.97, 0.14, 1.0 
0.2775, 4.5751, 0.97, 0.16, 1.0 
0.3351, 4.6137, 0.97, 0.18, 1.0 
0.401, 4.65, 0.97, 0.2, 1.0 
0.4764, 4.6822, 0.97, 0.22, 1.0 
0.5631, 4.7135, 0.97, 0.24, 1.0 
0.6626, 4.7417, 0.97, 0.26, 1.0 
0.7776, 4.7695, 0.97, 0.28, 1.0 
0.9107, 4.7958, 0.97, 0.3, 1.0 
1.0654, 4.8217, 0.97, 0.32, 1.0 
1.246, 4.8472, 0.97, 0.34, 1.0 
1.4577, 4.8722, 0.97, 0.36, 1.0 
1.7068, 4.8965, 0.97, 0.38, 1.0 
2.0019, 4.921, 0.97, 0.4, 1.0 
2.3533, 4.9452, 0.97, 0.42, 1.0 
2.7739, 4.9691, 0.97, 0.44, 1.0 
3.2829, 4.994, 0.97, 0.46, 1.0 
3.8995, 5.0178, 0.97, 0.48, 1.0 
4.6551, 5.0417, 0.97, 0.5, 1.0 
5.5906, 5.0663, 0.97, 0.52, 1.0 
6.7581, 5.0907, 0.97, 0.54, 1.0 
8.2316, 5.1153, 0.97, 0.56, 1.0 
10.114, 5.14, 0.97, 0.58, 1.0 
12.5576, 5.1655, 0.97, 0.6, 1.0 
15.7661, 5.1908, 0.97, 0.62, 1.0 
20.0677, 5.2169, 0.97, 0.64, 1.0 
25.9502, 5.2438, 0.97, 0.66, 1.0 
34.1686, 5.2711, 0.97, 0.68, 1.0 
0.0102, 3.1105, 0.99, 0.0, 1.0 
0.0239, 4.2291, 0.99, 0.02, 1.0 
0.0468, 4.4716, 0.99, 0.04, 1.0 
0.0738, 4.5712, 0.99, 0.06, 1.0 
0.1046, 4.6329, 0.99, 0.08, 1.0 
0.1396, 4.6767, 0.99, 0.1, 1.0 
0.1795, 4.7133, 0.99, 0.12, 1.0 
0.2249, 4.7457, 0.99, 0.14, 1.0 
0.2767, 4.7739, 0.99, 0.16, 1.0 
0.3359, 4.8005, 0.99, 0.18, 1.0 
0.4036, 4.826, 0.99, 0.2, 1.0 
0.4813, 4.8506, 0.99, 0.22, 1.0 
0.5707, 4.8745, 0.99, 0.24, 1.0 
0.6737, 4.8975, 0.99, 0.26, 1.0 
0.7931, 4.921, 0.99, 0.28, 1.0 
0.9315, 4.9436, 0.99, 0.3, 1.0 
1.093, 4.9664, 0.99, 0.32, 1.0 
1.282, 4.9891, 0.99, 0.34, 1.0 
1.5041, 5.0116, 0.99, 0.36, 1.0 
1.7662, 5.0337, 0.99, 0.38, 1.0 
2.0776, 5.0561, 0.99, 0.4, 1.0 
2.4505, 5.0795, 0.99, 0.42, 1.0 
2.8971, 5.1016, 0.99, 0.44, 1.0 
3.4392, 5.1249, 0.99, 0.46, 1.0 
4.0997, 5.148, 0.99, 0.48, 1.0 
4.912, 5.1712, 0.99, 0.5, 1.0 
5.9213, 5.1951, 0.99, 0.52, 1.0 
7.1854, 5.2188, 0.99, 0.54, 1.0 
8.7914, 5.2434, 0.99, 0.56, 1.0 
10.8454, 5.2672, 0.99, 0.58, 1.0 
13.5297, 5.2925, 0.99, 0.6, 1.0 
17.0802, 5.3182, 0.99, 0.62, 1.0 
21.8497, 5.3437, 0.99, 0.64, 1.0 
28.4006, 5.3699, 0.99, 0.66, 1.0 
37.619, 5.397, 0.99, 0.68, 1.0 
